-1  1 1 4 724 101259  HO
-1  1 2 4 724 101259  HO
-1  1 3 4 724 101065  HO
-1  1 4 4 724 101065  HO
-1  1 5 4 725 101293  HO
-1  1 6 4 725 101293  HO
-1  1 7 4 725 101335  HO
-1  1 8 4 725 101335  HO
-1  1 9 4 725 101034  HO
-1  1 10  4 725 101034  HO
-1  1 11  4 725 101166  HO
-1  1 12  4 725 101166  HO
-1  1 13  4 725 101056  HO
-1  1 14  4 725 101056  HO
-1  1 15  4 725 101186  HO
-1  1 16  4 725 101186  HO
-1  1 17  4 726 101147  HO
-1  1 18  4 726 101147  HO
-1  1 19  4 726 101233  HO
-1  1 20  4 726 101233  HO
-1  1 21  4 726 101245  HO
-1  1 22  4 726 101245  HO
-1  1 23  4 726 101041  HO
-1  1 24  4 726 101041  HO
-1  1 25  4 726 100948  HO
-1  1 26  4 726 100948  HO
-1  1 27  4 726 101340  HO
-1  1 28  4 726 101340  HO
-1  1 29  4 727 101042  HO
-1  1 30  4 727 101042  HO
-1  1 31  4 727 101360  HO
-1  1 32  4 727 101360  HO
-1  1 33  4 727 101188  HO
-1  1 34  4 727 101188  HO
-1  1 35  4 728 101187  HO
-1  1 36  4 728 101187  HO
-1  1 37  4 728 101214  HO
-1  1 38  4 728 101214  HO
-1  1 39  4 728 101232  HO
-1  1 40  4 728 101232  HO
-1  1 41  4 728 101306  HO
-1  1 42  4 728 101306  HO
-1  1 43  4 728 101273  HO
-1  1 44  4 728 101273  HO
-1  1 45  4 728 101206  HO
-1  1 46  4 728 101206  HO
-1  1 47  4 729 101251  HO
-1  1 48  4 729 101251  HO
-1  1 49  4 729 101311  HO
-1  1 50  4 729 101311  HO
-1  1 51  4 729 101077  HO
-1  1 52  4 729 101077  HO
-1  1 53  4 730 101053  HO
-1  1 54  4 730 101053  HO
-1  1 55  4 730 101332  HO
-1  1 56  4 730 101332  HO
-1  1 57  4 730 101267  HO
-1  1 58  4 730 101267  HO
-1  1 59  4 731 101120  HO
-1  1 60  4 731 101120  HO
-1  1 61  4 731 101176  HO
-1  1 62  4 731 101176  HO
-1  1 63  4 731 101049  HO
-1  1 64  4 731 101049  HO
-1  1 65  4 731 100943  HO
-1  1 66  4 731 100943  HO
-1  1 67  4 731 101195  HO
-1  1 68  4 731 101195  HO
-1  1 69  4 731 101333  HO
-1  1 70  4 731 101333  HO
-1  1 71  4 724 101225  HO
-1  1 72  4 724 101225  HO
-1  2 1 4 724 101259  HO
-1  2 2 4 724 101240  HO
-1  2 3 4 724 101065  HO
-1  2 4 4 724 101061  HO
-1  2 5 4 724 101295  HO
-1  2 6 4 724 101295  HO
-1  2 7 4 724 101327  HO
-1  2 8 4 724 101327  HO
-1  2 9 4 724 101043  HO
-1  2 10  4 724 101043  HO
-1  2 11  4 725 101149  HO
-1  2 12  4 725 101149  HO
-1  2 13  4 725 100745  HO
-1  2 14  4 725 100745  HO
-1  2 15  4 725 101197  HO
-1  2 16  4 725 101197  HO
-1  2 17  4 726 101147  HO
-1  2 18  4 726 101146  HO
-1  2 19  4 726 101233  HO
-1  2 20  4 726 101199  HO
-1  2 21  4 726 101245  HO
-1  2 22  4 726 101246  HO
-1  2 23  4 726 101041  HO
-1  2 24  4 726 100419  HO
-1  2 25  4 726 100948  HO
-1  2 26  4 726 100944  HO
-1  2 27  4 726 101340  HO
-1  2 28  4 726 101339  HO
-1  2 29  4 727 101035  HO
-1  2 30  4 727 101035  HO
-1  2 31  4 727 101355  HO
-1  2 32  4 727 101355  HO
-1  2 33  4 727 101190  HO
-1  2 34  4 727 101190  HO
-1  2 35  4 728 101218  HO
-1  2 36  4 728 101218  HO
-1  2 37  4 728 100654  HO
-1  2 38  4 728 100654  HO
-1  2 39  4 728 101230  HO
-1  2 40  4 728 101230  HO
-1  2 41  4 728 101306  HO
-1  2 42  4 728 101074  HO
-1  2 43  4 728 101273  HO
-1  2 44  4 728 101250  HO
-1  2 45  4 728 101206  HO
-1  2 46  4 728 101209  HO
-1  2 47  4 729 101251  HO
-1  2 48  4 729 101254  HO
-1  2 49  4 729 101311  HO
-1  2 50  4 729 101224  HO
-1  2 51  4 729 101077  HO
-1  2 52  4 729 100989  HO
-1  2 53  4 730 101031  HO
-1  2 54  4 730 101031  HO
-1  2 55  4 730 101330  HO
-1  2 56  4 730 101330  HO
-1  2 57  4 730 101265  HO
-1  2 58  4 730 101265  HO
-1  2 59  4 730 101158  HO
-1  2 60  4 730 101158  HO
-1  2 61  4 730 100961  HO
-1  2 62  4 730 100961  HO
-1  2 63  4 730 101010  HO
-1  2 64  4 730 101010  HO
-1  2 65  4 731 100943  HO
-1  2 66  4 731 100942  HO
-1  2 67  4 731 101195  HO
-1  2 68  4 731 101256  HO
-1  2 69  4 731 101333  HO
-1  2 70  4 731 101012  HO
-1  2 71  4 724 101225  HO
-1  2 72  4 724 101367  HO
-1  3 1 4 724 101240  HO
-1  3 2 4 724 101240  HO
-1  3 3 4 724 101061  HO
-1  3 4 4 724 101061  HO
-1  3 5 4 725 101293  HO
-1  3 6 4 725 101293  HO
-1  3 7 4 725 101335  HO
-1  3 8 4 725 101335  HO
-1  3 9 4 725 101034  HO
-1  3 10  4 725 101034  HO
-1  3 11  4 725 101166  HO
-1  3 12  4 725 101166  HO
-1  3 13  4 725 101056  HO
-1  3 14  4 725 101056  HO
-1  3 15  4 725 101186  HO
-1  3 16  4 725 101186  HO
-1  3 17  4 726 101146  HO
-1  3 18  4 726 101146  HO
-1  3 19  4 726 101199  HO
-1  3 20  4 726 101199  HO
-1  3 21  4 726 101246  HO
-1  3 22  4 726 101246  HO
-1  3 23  4 726 100419  HO
-1  3 24  4 726 100419  HO
-1  3 25  4 726 100944  HO
-1  3 26  4 726 100944  HO
-1  3 27  4 726 101339  HO
-1  3 28  4 726 101339  HO
-1  3 29  4 727 101042  HO
-1  3 30  4 727 101042  HO
-1  3 31  4 727 101360  HO
-1  3 32  4 727 101360  HO
-1  3 33  4 727 101188  HO
-1  3 34  4 727 101188  HO
-1  3 35  4 728 101187  HO
-1  3 36  4 728 101187  HO
-1  3 37  4 728 101214  HO
-1  3 38  4 728 101214  HO
-1  3 39  4 728 101232  HO
-1  3 40  4 728 101232  HO
-1  3 41  4 728 101074  HO
-1  3 42  4 728 101074  HO
-1  3 43  4 728 101250  HO
-1  3 44  4 728 101250  HO
-1  3 45  4 728 101209  HO
-1  3 46  4 728 101209  HO
-1  3 47  4 729 101254  HO
-1  3 48  4 729 101254  HO
-1  3 49  4 729 101224  HO
-1  3 50  4 729 101224  HO
-1  3 51  4 729 100989  HO
-1  3 52  4 729 100989  HO
-1  3 53  4 730 101053  HO
-1  3 54  4 730 101053  HO
-1  3 55  4 730 101332  HO
-1  3 56  4 730 101332  HO
-1  3 57  4 730 101267  HO
-1  3 58  4 730 101267  HO
-1  3 59  4 731 101120  HO
-1  3 60  4 731 101120  HO
-1  3 61  4 731 101176  HO
-1  3 62  4 731 101176  HO
-1  3 63  4 731 101049  HO
-1  3 64  4 731 101049  HO
-1  3 65  4 731 100942  HO
-1  3 66  4 731 100942  HO
-1  3 67  4 731 101256  HO
-1  3 68  4 731 101256  HO
-1  3 69  4 731 101012  HO
-1  3 70  4 731 101012  HO
-1  3 71  4 724 101367  HO
-1  3 72  4 724 101367  HO
-1  4 1 4 724 101240  HO
-1  4 1 4 724 101240  HOX
-1  4 2 4 724 101240  HO
-1  4 3 4 724 101061  HO
-1  4 3 4 724 101061  HOX
-1  4 4 4 724 101061  HO
-1  4 5 4 725 101293  HO
-1  4 6 4 725 101293  HO
-1  4 6 4 724 101293  HOX
-1  4 7 4 725 101335  HO
-1  4 8 4 725 101335  HO
-1  4 8 4 724 101335  HOX
-1  4 9 4 725 101034  HO
-1  4 10  4 725 101034  HO
-1  4 10  4 724 101034  HOX
-1  4 11  4 725 101166  HO
-1  4 12  4 725 101166  HO
-1  4 12  4 725 101166  HOX
-1  4 13  4 725 101056  HO
-1  4 14  4 725 101056  HO
-1  4 14  4 725 101056  HOX
-1  4 15  4 725 101186  HO
-1  4 16  4 725 101186  HO
-1  4 16  4 725 101186  HOX
-1  4 17  4 726 101146  HO
-1  4 17  4 726 101146  HOX
-1  4 18  4 726 101146  HO
-1  4 19  4 726 101199  HO
-1  4 19  4 726 101199  HOX
-1  4 20  4 726 101199  HO
-1  4 21  4 726 101246  HO
-1  4 21  4 726 101246  HOX
-1  4 22  4 726 101246  HO
-1  4 23  4 727 100419  HO
-1  4 23  4 727 100419  HOX
-1  4 24  4 727 100419  HO
-1  4 25  4 727 100944  HO
-1  4 25  4 727 100944  HOX
-1  4 26  4 727 100944  HO
-1  4 27  4 727 101339  HO
-1  4 27  4 727 101339  HOX
-1  4 28  4 727 101339  HO
-1  4 29  4 727 101042  HO
-1  4 30  4 727 101042  HO
-1  4 30  4 727 101042  HOX
-1  4 31  4 727 101360  HO
-1  4 32  4 727 101360  HO
-1  4 32  4 727 101360  HOX
-1  4 33  4 727 101188  HO
-1  4 34  4 727 101188  HO
-1  4 34  4 727 101188  HOX
-1  4 35  4 728 101187  HO
-1  4 36  4 728 101187  HO
-1  4 36  4 728 101187  HOX
-1  4 37  4 728 101214  HO
-1  4 38  4 728 101214  HO
-1  4 38  4 728 101214  HOX
-1  4 39  4 728 101232  HO
-1  4 40  4 728 101232  HO
-1  4 40  4 728 101232  HOX
-1  4 41  4 729 101074  HO
-1  4 41  4 729 101074  HOX
-1  4 42  4 729 101074  HO
-1  4 43  4 729 101250  HO
-1  4 43  4 729 101250  HOX
-1  4 44  4 729 101250  HO
-1  4 45  4 729 101209  HO
-1  4 45  4 729 101209  HOX
-1  4 46  4 729 101209  HO
-1  4 47  4 729 101254  HO
-1  4 47  4 729 101254  HOX
-1  4 48  4 729 101254  HO
-1  4 49  4 729 101224  HO
-1  4 49  4 729 101224  HOX
-1  4 50  4 729 101224  HO
-1  4 51  4 729 100989  HO
-1  4 51  4 729 100989  HOX
-1  4 52  4 729 100989  HO
-1  4 53  4 730 101053  HO
-1  4 54  4 730 101053  HO
-1  4 54  4 730 101053  HOX
-1  4 55  4 730 101332  HO
-1  4 56  4 730 101332  HO
-1  4 56  4 730 101332  HOX
-1  4 57  4 730 101267  HO
-1  4 58  4 730 101267  HO
-1  4 58  4 730 101267  HOX
-1  4 59  4 731 101120  HO
-1  4 60  4 731 101120  HO
-1  4 60  4 730 101120  HOX
-1  4 61  4 731 101176  HO
-1  4 62  4 731 101176  HO
-1  4 62  4 730 101176  HOX
-1  4 63  4 731 101049  HO
-1  4 64  4 731 101049  HO
-1  4 64  4 730 101049  HOX
-1  4 65  4 731 100942  HO
-1  4 65  4 731 100942  HOX
-1  4 66  4 731 100942  HO
-1  4 67  4 731 101256  HO
-1  4 67  4 731 101256  HOX
-1  4 68  4 731 101256  HO
-1  4 69  4 731 101012  HO
-1  4 69  4 731 101012  HOX
-1  4 70  4 731 101012  HO
-1  4 71  4 724 101367  HO
-1  4 71  4 724 101367  HOX
-1  4 72  4 724 101367  HO
-1  5 1 4 724 100013  HO
-1  5 2 4 724 101204  HO
-1  5 3 4 724 101204  HO
-1  5 4 4 724 101204  HO
-1  5 5 4 724 100993  HO
-1  5 6 4 724 100993  HO
-1  5 7 4 724 100993  HO
-1  5 8 4 724 101215  HO
-1  5 9 4 724 101215  HO
-1  5 10  4 724 101215  HO
-1  5 11  4 725 101271  HO
-1  5 12  4 725 101271  HO
-1  5 13  4 725 101271  HO
-1  5 14  4 725 101539  HO
-1  5 15  4 725 101539  HO
-1  5 16  4 725 101539  HO
-1  5 17  4 726 101084  HO
-1  5 18  4 726 101084  HO
-1  5 19  4 726 101084  HO
-1  5 20  4 726 101183  HO
-1  5 21  4 726 101183  HO
-1  5 22  4 726 101183  HO
-1  5 23  4 727 101228  HO
-1  5 24  4 727 101228  HO
-1  5 25  4 727 101228  HO
-1  5 26  4 727 101131  HO
-1  5 27  4 727 101131  HO
-1  5 28  4 727 101131  HO
-1  5 29  4 727 101269  HO
-1  5 30  4 727 101269  HO
-1  5 31  4 727 101269  HO
-1  5 32  4 727 101302  HO
-1  5 33  4 727 101302  HO
-1  5 34  4 727 101302  HO
-1  5 35  4 728 101363  HO
-1  5 36  4 728 101363  HO
-1  5 37  4 728 101363  HO
-1  5 38  4 728 101275  HO
-1  5 39  4 728 101275  HO
-1  5 40  4 728 101275  HO
-1  5 41  4 729 100962  HO
-1  5 42  4 729 100962  HO
-1  5 43  4 729 100962  HO
-1  5 44  4 729 101152  HO
-1  5 45  4 729 101152  HO
-1  5 46  4 729 101152  HO
-1  5 47  4 729 101063  HO
-1  5 48  4 729 101063  HO
-1  5 49  4 729 101063  HO
-1  5 50  4 729 101615  HO
-1  5 51  4 729 101615  HO
-1  5 52  4 729 101615  HO
-1  5 53  4 730 101037  HO
-1  5 54  4 730 101037  HO
-1  5 55  4 730 101037  HO
-1  5 56  4 730 101312  HO
-1  5 57  4 730 101312  HO
-1  5 58  4 730 101312  HO
-1  5 59  4 730 101253  HO
-1  5 60  4 730 101253  HO
-1  5 61  4 730 101253  HO
-1  5 62  4 730 100930  HO
-1  5 63  4 730 100930  HO
-1  5 64  4 730 100930  HO
-1  5 65  4 731 100916  HO
-1  5 66  4 731 100916  HO
-1  5 67  4 731 100916  HO
-1  5 68  4 731 100904  HO
-1  5 69  4 731 100904  HO
-1  5 70  4 731 100904  HO
-1  5 71  4 724 100013  HO
-1  5 72  4 724 100013  HO
-1  6 1 4 724 100013  HO
-1  6 2 4 724 101204  HO
-1  6 3 4 724 101204  HO
-1  6 4 4 724 101204  HO
-1  6 5 4 724 100993  HO
-1  6 6 4 724 100993  HO
-1  6 7 4 724 100993  HO
-1  6 8 4 724 101215  HO
-1  6 9 4 724 101215  HO
-1  6 10  4 724 101215  HO
-1  6 11  4 725 101271  HO
-1  6 12  4 725 101271  HO
-1  6 13  4 725 101271  HO
-1  6 14  4 725 101539  HO
-1  6 15  4 725 101539  HO
-1  6 16  4 725 101539  HO
-1  6 17  4 726 101084  HO
-1  6 18  4 726 101084  HO
-1  6 19  4 726 101084  HO
-1  6 20  4 726 101183  HO
-1  6 21  4 726 101183  HO
-1  6 22  4 726 101183  HO
-1  6 23  4 727 101228  HO
-1  6 24  4 727 101228  HO
-1  6 25  4 727 101228  HO
-1  6 26  4 727 101131  HO
-1  6 27  4 727 101131  HO
-1  6 28  4 727 101131  HO
-1  6 29  4 727 101269  HO
-1  6 30  4 727 101269  HO
-1  6 31  4 727 101269  HO
-1  6 32  4 727 101302  HO
-1  6 33  4 727 101302  HO
-1  6 34  4 727 101302  HO
-1  6 35  4 728 101363  HO
-1  6 36  4 728 101363  HO
-1  6 37  4 728 101363  HO
-1  6 38  4 728 101275  HO
-1  6 39  4 728 101275  HO
-1  6 40  4 728 101275  HO
-1  6 41  4 729 100962  HO
-1  6 42  4 729 100962  HO
-1  6 43  4 729 100962  HO
-1  6 44  4 729 101152  HO
-1  6 45  4 729 101152  HO
-1  6 46  4 729 101152  HO
-1  6 47  4 729 101063  HO
-1  6 48  4 729 101063  HO
-1  6 49  4 729 101063  HO
-1  6 50  4 729 101615  HO
-1  6 51  4 729 101615  HO
-1  6 52  4 729 101615  HO
-1  6 53  4 730 101037  HO
-1  6 54  4 730 101037  HO
-1  6 55  4 730 101037  HO
-1  6 56  4 730 101312  HO
-1  6 57  4 730 101312  HO
-1  6 58  4 730 101312  HO
-1  6 59  4 730 101253  HO
-1  6 60  4 730 101253  HO
-1  6 61  4 730 101253  HO
-1  6 62  4 730 100930  HO
-1  6 63  4 730 100930  HO
-1  6 64  4 730 100930  HO
-1  6 65  4 731 100916  HO
-1  6 66  4 731 100916  HO
-1  6 67  4 731 100916  HO
-1  6 68  4 731 100904  HO
-1  6 69  4 731 100904  HO
-1  6 70  4 731 100904  HO
-1  6 71  4 724 100013  HO
-1  6 72  4 724 100013  HO
-1  7 1 4 724 100214  HO
-1  7 2 4 724 101208  HO
-1  7 3 4 724 101208  HO
-1  7 4 4 724 101208  HO
-1  7 5 4 724 100987  HO
-1  7 6 4 724 100987  HO
-1  7 7 4 724 100987  HO
-1  7 8 4 724 101192  HO
-1  7 9 4 724 101192  HO
-1  7 10  4 724 101192  HO
-1  7 11  4 725 100994  HO
-1  7 12  4 725 100994  HO
-1  7 13  4 725 100994  HO
-1  7 14  4 725 100940  HO
-1  7 15  4 725 100940  HO
-1  7 16  4 725 100940  HO
-1  7 17  4 726 101028  HO
-1  7 18  4 726 101028  HO
-1  7 19  4 726 101028  HO
-1  7 20  4 726 101130  HO
-1  7 21  4 726 101130  HO
-1  7 22  4 726 101130  HO
-1  7 23  4 727 101309  HO
-1  7 24  4 727 101309  HO
-1  7 25  4 727 101309  HO
-1  7 26  4 727 101140  HO
-1  7 27  4 727 101140  HO
-1  7 28  4 727 101140  HO
-1  7 29  4 727 101255  HO
-1  7 30  4 727 101255  HO
-1  7 31  4 727 101255  HO
-1  7 32  4 727 101237  HO
-1  7 33  4 727 101237  HO
-1  7 34  4 727 101237  HO
-1  7 35  4 728 101376  HO
-1  7 36  4 728 101376  HO
-1  7 37  4 728 101376  HO
-1  7 38  4 728 101283  HO
-1  7 39  4 728 101283  HO
-1  7 40  4 728 101283  HO
-1  7 41  4 729 101000  HO
-1  7 42  4 729 101000  HO
-1  7 43  4 729 101000  HO
-1  7 44  4 729 101016  HO
-1  7 45  4 729 101016  HO
-1  7 46  4 729 101016  HO
-1  7 47  4 729 101059  HO
-1  7 48  4 729 101059  HO
-1  7 49  4 729 101059  HO
-1  7 50  4 729 101617  HO
-1  7 51  4 729 101617  HO
-1  7 52  4 729 101617  HO
-1  7 53  4 730 100913  HO
-1  7 54  4 730 100913  HO
-1  7 55  4 730 100913  HO
-1  7 56  4 730 101018  HO
-1  7 57  4 730 101018  HO
-1  7 58  4 730 101018  HO
-1  7 59  4 730 101266  HO
-1  7 60  4 730 101266  HO
-1  7 61  4 730 101266  HO
-1  7 62  4 730 100924  HO
-1  7 63  4 730 100924  HO
-1  7 64  4 730 100924  HO
-1  7 65  4 731 101004  HO
-1  7 66  4 731 101004  HO
-1  7 67  4 731 101004  HO
-1  7 68  4 731 100905  HO
-1  7 69  4 731 100905  HO
-1  7 70  4 731 100905  HO
-1  7 71  4 724 100214  HO
-1  7 72  4 724 100214  HO
-1  8 1 4 724 100214  HO
-1  8 2 4 724 101208  HO
-1  8 3 4 724 101208  HO
-1  8 4 4 724 101208  HO
-1  8 5 4 724 100987  HO
-1  8 6 4 724 100987  HO
-1  8 7 4 724 100987  HO
-1  8 8 4 724 101192  HO
-1  8 9 4 724 101192  HO
-1  8 10  4 724 101192  HO
-1  8 11  4 725 100994  HO
-1  8 12  4 725 100994  HO
-1  8 13  4 725 100994  HO
-1  8 14  4 725 100940  HO
-1  8 15  4 725 100940  HO
-1  8 16  4 725 100940  HO
-1  8 17  4 726 101028  HO
-1  8 18  4 726 101028  HO
-1  8 19  4 726 101028  HO
-1  8 20  4 726 101130  HO
-1  8 21  4 726 101130  HO
-1  8 22  4 726 101130  HO
-1  8 23  4 727 101309  HO
-1  8 24  4 727 101309  HO
-1  8 25  4 727 101309  HO
-1  8 26  4 727 101140  HO
-1  8 27  4 727 101140  HO
-1  8 28  4 727 101140  HO
-1  8 29  4 727 101255  HO
-1  8 30  4 727 101255  HO
-1  8 31  4 727 101255  HO
-1  8 32  4 727 101237  HO
-1  8 33  4 727 101237  HO
-1  8 34  4 727 101237  HO
-1  8 35  4 728 101376  HO
-1  8 36  4 728 101376  HO
-1  8 37  4 728 101376  HO
-1  8 38  4 728 101283  HO
-1  8 39  4 728 101283  HO
-1  8 40  4 728 101283  HO
-1  8 41  4 729 101000  HO
-1  8 42  4 729 101000  HO
-1  8 43  4 729 101000  HO
-1  8 44  4 729 101016  HO
-1  8 45  4 729 101016  HO
-1  8 46  4 729 101016  HO
-1  8 47  4 729 101059  HO
-1  8 48  4 729 101059  HO
-1  8 49  4 729 101059  HO
-1  8 50  4 729 101617  HO
-1  8 51  4 729 101617  HO
-1  8 52  4 729 101617  HO
-1  8 53  4 730 100913  HO
-1  8 54  4 730 100913  HO
-1  8 55  4 730 100913  HO
-1  8 56  4 730 101018  HO
-1  8 57  4 730 101018  HO
-1  8 58  4 730 101018  HO
-1  8 59  4 730 101266  HO
-1  8 60  4 730 101266  HO
-1  8 61  4 730 101266  HO
-1  8 62  4 730 100924  HO
-1  8 63  4 730 100924  HO
-1  8 64  4 730 100924  HO
-1  8 65  4 731 101004  HO
-1  8 66  4 731 101004  HO
-1  8 67  4 731 101004  HO
-1  8 68  4 731 100905  HO
-1  8 69  4 731 100905  HO
-1  8 70  4 731 100905  HO
-1  8 71  4 724 100214  HO
-1  8 72  4 724 100214  HO
-1  9 1 4 724 100100  HO
-1  9 2 4 724 101210  HO
-1  9 3 4 724 101210  HO
-1  9 4 4 724 101210  HO
-1  9 5 4 724 100686  HO
-1  9 6 4 724 100686  HO
-1  9 7 4 724 100686  HO
-1  9 8 4 724 101216  HO
-1  9 9 4 724 101216  HO
-1  9 10  4 724 101216  HO
-1  9 11  4 725 101616  HO
-1  9 12  4 725 101616  HO
-1  9 13  4 725 101616  HO
-1  9 14  4 725 101138  HO
-1  9 15  4 725 101138  HO
-1  9 16  4 725 101138  HO
-1  9 17  4 726 101085  HO
-1  9 18  4 726 101085  HO
-1  9 19  4 726 101085  HO
-1  9 20  4 726 101025  HO
-1  9 21  4 726 101025  HO
-1  9 22  4 726 101025  HO
-1  9 23  4 727 101238  HO
-1  9 24  4 727 101238  HO
-1  9 25  4 727 101238  HO
-1  9 26  4 727 101129  HO
-1  9 27  4 727 101129  HO
-1  9 28  4 727 101129  HO
-1  9 29  4 727 101258  HO
-1  9 30  4 727 101258  HO
-1  9 31  4 727 101258  HO
-1  9 32  4 727 101226  HO
-1  9 33  4 727 101226  HO
-1  9 34  4 727 101226  HO
-1  9 35  4 728 101370  HO
-1  9 36  4 728 101370  HO
-1  9 37  4 728 101370  HO
-1  9 38  4 728 101281  HO
-1  9 39  4 728 101281  HO
-1  9 40  4 728 101281  HO
-1  9 41  4 729 100973  HO
-1  9 42  4 729 100973  HO
-1  9 43  4 729 100973  HO
-1  9 44  4 729 101157  HO
-1  9 45  4 729 101157  HO
-1  9 46  4 729 101157  HO
-1  9 47  4 729 101051  HO
-1  9 48  4 729 101051  HO
-1  9 49  4 729 101051  HO
-1  9 50  4 729 101618  HO
-1  9 51  4 729 101618  HO
-1  9 52  4 729 101618  HO
-1  9 53  4 730 101014  HO
-1  9 54  4 730 101014  HO
-1  9 55  4 730 101014  HO
-1  9 56  4 730 101161  HO
-1  9 57  4 730 101161  HO
-1  9 58  4 730 101161  HO
-1  9 59  4 730 101262  HO
-1  9 60  4 730 101262  HO
-1  9 61  4 730 101262  HO
-1  9 62  4 730 100933  HO
-1  9 63  4 730 100933  HO
-1  9 64  4 730 100933  HO
-1  9 65  4 731 101145  HO
-1  9 66  4 731 101145  HO
-1  9 67  4 731 101145  HO
-1  9 68  4 731 100907  HO
-1  9 69  4 731 100907  HO
-1  9 70  4 731 100907  HO
-1  9 71  4 724 100100  HO
-1  9 72  4 724 100100  HO
-1  10  1 4 724 100100  HO
-1  10  2 4 724 101210  HO
-1  10  3 4 724 101210  HO
-1  10  4 4 724 101210  HO
-1  10  5 4 724 100686  HO
-1  10  6 4 724 100686  HO
-1  10  7 4 724 100686  HO
-1  10  8 4 724 101216  HO
-1  10  9 4 724 101216  HO
-1  10  10  4 724 101216  HO
-1  10  11  4 725 101616  HO
-1  10  12  4 725 101616  HO
-1  10  13  4 725 101616  HO
-1  10  14  4 725 101138  HO
-1  10  15  4 725 101138  HO
-1  10  16  4 725 101138  HO
-1  10  17  4 726 101085  HO
-1  10  18  4 726 101085  HO
-1  10  19  4 726 101085  HO
-1  10  20  4 726 101025  HO
-1  10  21  4 726 101025  HO
-1  10  22  4 726 101025  HO
-1  10  23  4 727 101238  HO
-1  10  24  4 727 101238  HO
-1  10  25  4 727 101238  HO
-1  10  26  4 727 101129  HO
-1  10  27  4 727 101129  HO
-1  10  28  4 727 101129  HO
-1  10  29  4 727 101258  HO
-1  10  30  4 727 101258  HO
-1  10  31  4 727 101258  HO
-1  10  32  4 727 101226  HO
-1  10  33  4 727 101226  HO
-1  10  34  4 727 101226  HO
-1  10  35  4 728 101370  HO
-1  10  36  4 728 101370  HO
-1  10  37  4 728 101370  HO
-1  10  38  4 728 101281  HO
-1  10  39  4 728 101281  HO
-1  10  40  4 728 101281  HO
-1  10  41  4 729 100973  HO
-1  10  42  4 729 100973  HO
-1  10  43  4 729 100973  HO
-1  10  44  4 729 101157  HO
-1  10  45  4 729 101157  HO
-1  10  46  4 729 101157  HO
-1  10  47  4 729 101051  HO
-1  10  48  4 729 101051  HO
-1  10  49  4 729 101051  HO
-1  10  50  4 729 101618  HO
-1  10  51  4 729 101618  HO
-1  10  52  4 729 101618  HO
-1  10  53  4 730 101014  HO
-1  10  54  4 730 101014  HO
-1  10  55  4 730 101014  HO
-1  10  56  4 730 101161  HO
-1  10  57  4 730 101161  HO
-1  10  58  4 730 101161  HO
-1  10  59  4 730 101262  HO
-1  10  60  4 730 101262  HO
-1  10  61  4 730 101262  HO
-1  10  62  4 730 100933  HO
-1  10  63  4 730 100933  HO
-1  10  64  4 730 100933  HO
-1  10  65  4 731 101145  HO
-1  10  66  4 731 101145  HO
-1  10  67  4 731 101145  HO
-1  10  68  4 731 100907  HO
-1  10  69  4 731 100907  HO
-1  10  70  4 731 100907  HO
-1  10  71  4 724 100100  HO
-1  10  72  4 724 100100  HO
-1  11  1 4 724 101248  HO
-1  11  2 4 724 100927  HO
-1  11  3 4 724 100927  HO
-1  11  4 4 724 100927  HO
-1  11  5 4 724 101137  HO
-1  11  6 4 724 101137  HO
-1  11  7 4 724 101137  HO
-1  11  8 4 724 101139  HO
-1  11  9 4 724 101139  HO
-1  11  10  4 724 101139  HO
-1  11  11  4 725 101229  HO
-1  11  12  4 725 101229  HO
-1  11  13  4 725 101229  HO
-1  11  14  4 725 101110  HO
-1  11  15  4 725 101110  HO
-1  11  16  4 725 101110  HO
-1  11  17  4 726 100073  HO
-1  11  18  4 726 100073  HO
-1  11  19  4 726 100073  HO
-1  11  20  4 726 101289  HO
-1  11  21  4 726 101289  HO
-1  11  22  4 726 101289  HO
-1  11  23  4 727 101115  HO
-1  11  24  4 727 101115  HO
-1  11  25  4 727 101115  HO
-1  11  26  4 727 101371  HO
-1  11  27  4 727 101371  HO
-1  11  28  4 727 101371  HO
-1  11  29  4 727 101020  HO
-1  11  30  4 727 101020  HO
-1  11  31  4 727 101020  HO
-1  11  32  4 727 101252  HO
-1  11  33  4 727 101252  HO
-1  11  34  4 727 101252  HO
-1  11  35  4 728 100950  HO
-1  11  36  4 728 100950  HO
-1  11  37  4 728 100950  HO
-1  11  38  4 728 101196  HO
-1  11  39  4 728 101196  HO
-1  11  40  4 728 101196  HO
-1  11  41  4 729 101373  HO
-1  11  42  4 729 101373  HO
-1  11  43  4 729 101373  HO
-1  11  44  4 729 101482  HO
-1  11  45  4 729 101482  HO
-1  11  46  4 729 101482  HO
-1  11  47  4 729 101272  HO
-1  11  48  4 729 101272  HO
-1  11  49  4 729 101272  HO
-1  11  50  4 729 101369  HO
-1  11  51  4 729 101369  HO
-1  11  52  4 729 101369  HO
-1  11  53  4 730 101169  HO
-1  11  54  4 730 101169  HO
-1  11  55  4 730 101169  HO
-1  11  56  4 730 101347  HO
-1  11  57  4 730 101347  HO
-1  11  58  4 730 101347  HO
-1  11  59  4 730 101566  HO
-1  11  60  4 730 101566  HO
-1  11  61  4 730 101566  HO
-1  11  62  4 730 100958  HO
-1  11  63  4 730 100958  HO
-1  11  64  4 730 100958  HO
-1  11  65  4 731 101015  HO
-1  11  66  4 731 101015  HO
-1  11  67  4 731 101015  HO
-1  11  68  4 731 100953  HO
-1  11  69  4 731 100953  HO
-1  11  70  4 731 100953  HO
-1  11  71  4 724 101248  HO
-1  11  72  4 724 101248  HO
-1  12  1 4 724 101248  HO
-1  12  2 4 724 100927  HO
-1  12  3 4 724 100927  HO
-1  12  4 4 724 100927  HO
-1  12  5 4 724 101137  HO
-1  12  6 4 724 101137  HO
-1  12  7 4 724 101137  HO
-1  12  8 4 724 101139  HO
-1  12  9 4 724 101139  HO
-1  12  10  4 724 101139  HO
-1  12  11  4 725 101229  HO
-1  12  12  4 725 101229  HO
-1  12  13  4 725 101229  HO
-1  12  14  4 725 101110  HO
-1  12  15  4 725 101110  HO
-1  12  16  4 725 101110  HO
-1  12  17  4 726 100073  HO
-1  12  18  4 726 100073  HO
-1  12  19  4 726 100073  HO
-1  12  20  4 726 101289  HO
-1  12  21  4 726 101289  HO
-1  12  22  4 726 101289  HO
-1  12  23  4 727 101115  HO
-1  12  24  4 727 101115  HO
-1  12  25  4 727 101115  HO
-1  12  26  4 727 101371  HO
-1  12  27  4 727 101371  HO
-1  12  28  4 727 101371  HO
-1  12  29  4 727 101020  HO
-1  12  30  4 727 101020  HO
-1  12  31  4 727 101020  HO
-1  12  32  4 727 101252  HO
-1  12  33  4 727 101252  HO
-1  12  34  4 727 101252  HO
-1  12  35  4 728 100950  HO
-1  12  36  4 728 100950  HO
-1  12  37  4 728 100950  HO
-1  12  38  4 728 101196  HO
-1  12  39  4 728 101196  HO
-1  12  40  4 728 101196  HO
-1  12  41  4 729 101373  HO
-1  12  42  4 729 101373  HO
-1  12  43  4 729 101373  HO
-1  12  44  4 729 101482  HO
-1  12  45  4 729 101482  HO
-1  12  46  4 729 101482  HO
-1  12  47  4 729 101272  HO
-1  12  48  4 729 101272  HO
-1  12  49  4 729 101272  HO
-1  12  50  4 729 101369  HO
-1  12  51  4 729 101369  HO
-1  12  52  4 729 101369  HO
-1  12  53  4 730 101169  HO
-1  12  54  4 730 101169  HO
-1  12  55  4 730 101169  HO
-1  12  56  4 730 101347  HO
-1  12  57  4 730 101347  HO
-1  12  58  4 730 101347  HO
-1  12  59  4 730 101566  HO
-1  12  60  4 730 101566  HO
-1  12  61  4 730 101566  HO
-1  12  62  4 730 100958  HO
-1  12  63  4 730 100958  HO
-1  12  64  4 730 100958  HO
-1  12  65  4 731 101015  HO
-1  12  66  4 731 101015  HO
-1  12  67  4 731 101015  HO
-1  12  68  4 731 100953  HO
-1  12  69  4 731 100953  HO
-1  12  70  4 731 100953  HO
-1  12  71  4 724 101248  HO
-1  12  72  4 724 101248  HO
-1  13  1 4 724 101244  HO
-1  13  2 4 724 100928  HO
-1  13  3 4 724 100928  HO
-1  13  4 4 724 100928  HO
-1  13  5 4 724 100850  HO
-1  13  6 4 724 100850  HO
-1  13  7 4 724 100850  HO
-1  13  8 4 724 101168  HO
-1  13  9 4 724 101168  HO
-1  13  10  4 724 101168  HO
-1  13  11  4 725 101227  HO
-1  13  12  4 725 101227  HO
-1  13  13  4 725 101227  HO
-1  13  14  4 725 101108  HO
-1  13  15  4 725 101108  HO
-1  13  16  4 725 101108  HO
-1  13  17  4 726 101069  HO
-1  13  18  4 726 101069  HO
-1  13  19  4 726 101069  HO
-1  13  20  4 726 101288  HO
-1  13  21  4 726 101288  HO
-1  13  22  4 726 101288  HO
-1  13  23  4 727 100161  HO
-1  13  24  4 727 100161  HO
-1  13  25  4 727 100161  HO
-1  13  26  4 727 101375  HO
-1  13  27  4 727 101375  HO
-1  13  28  4 727 101375  HO
-1  13  29  4 727 101307  HO
-1  13  30  4 727 101307  HO
-1  13  31  4 727 101307  HO
-1  13  32  4 727 101260  HO
-1  13  33  4 727 101260  HO
-1  13  34  4 727 101260  HO
-1  13  35  4 728 100992  HO
-1  13  36  4 728 100992  HO
-1  13  37  4 728 100992  HO
-1  13  38  4 728 101211  HO
-1  13  39  4 728 101211  HO
-1  13  40  4 728 101211  HO
-1  13  41  4 729 101377  HO
-1  13  42  4 729 101377  HO
-1  13  43  4 729 101377  HO
-1  13  44  4 729 101410  HO
-1  13  45  4 729 101410  HO
-1  13  46  4 729 101410  HO
-1  13  47  4 729 101280  HO
-1  13  48  4 729 101280  HO
-1  13  49  4 729 101280  HO
-1  13  50  4 729 101361  HO
-1  13  51  4 729 101361  HO
-1  13  52  4 729 101361  HO
-1  13  53  4 730 101029  HO
-1  13  54  4 730 101029  HO
-1  13  55  4 730 101029  HO
-1  13  56  4 730 101343  HO
-1  13  57  4 730 101343  HO
-1  13  58  4 730 101343  HO
-1  13  59  4 730 101526  HO
-1  13  60  4 730 101526  HO
-1  13  61  4 730 101526  HO
-1  13  62  4 730 100956  HO
-1  13  63  4 730 100956  HO
-1  13  64  4 730 100956  HO
-1  13  65  4 731 100969  HO
-1  13  66  4 731 100969  HO
-1  13  67  4 731 100969  HO
-1  13  68  4 731 101602  HO
-1  13  69  4 731 101602  HO
-1  13  70  4 731 101602  HO
-1  13  71  4 724 101244  HO
-1  13  72  4 724 101244  HO
-1  14  1 4 724 101244  HO
-1  14  2 4 724 100928  HO
-1  14  3 4 724 100928  HO
-1  14  4 4 724 100928  HO
-1  14  5 4 724 100850  HO
-1  14  6 4 724 100850  HO
-1  14  7 4 724 100850  HO
-1  14  8 4 724 101168  HO
-1  14  9 4 724 101168  HO
-1  14  10  4 724 101168  HO
-1  14  11  4 725 101227  HO
-1  14  12  4 725 101227  HO
-1  14  13  4 725 101227  HO
-1  14  14  4 725 101108  HO
-1  14  15  4 725 101108  HO
-1  14  16  4 725 101108  HO
-1  14  17  4 726 101069  HO
-1  14  18  4 726 101069  HO
-1  14  19  4 726 101069  HO
-1  14  20  4 726 101288  HO
-1  14  21  4 726 101288  HO
-1  14  22  4 726 101288  HO
-1  14  23  4 727 100161  HO
-1  14  24  4 727 100161  HO
-1  14  25  4 727 100161  HO
-1  14  26  4 727 101375  HO
-1  14  27  4 727 101375  HO
-1  14  28  4 727 101375  HO
-1  14  29  4 727 101307  HO
-1  14  30  4 727 101307  HO
-1  14  31  4 727 101307  HO
-1  14  32  4 727 101260  HO
-1  14  33  4 727 101260  HO
-1  14  34  4 727 101260  HO
-1  14  35  4 728 100992  HO
-1  14  36  4 728 100992  HO
-1  14  37  4 728 100992  HO
-1  14  38  4 728 101211  HO
-1  14  39  4 728 101211  HO
-1  14  40  4 728 101211  HO
-1  14  41  4 729 101377  HO
-1  14  42  4 729 101377  HO
-1  14  43  4 729 101377  HO
-1  14  44  4 729 101410  HO
-1  14  45  4 729 101410  HO
-1  14  46  4 729 101410  HO
-1  14  47  4 729 101280  HO
-1  14  48  4 729 101280  HO
-1  14  49  4 729 101280  HO
-1  14  50  4 729 101361  HO
-1  14  51  4 729 101361  HO
-1  14  52  4 729 101361  HO
-1  14  53  4 730 101029  HO
-1  14  54  4 730 101029  HO
-1  14  55  4 730 101029  HO
-1  14  56  4 730 101343  HO
-1  14  57  4 730 101343  HO
-1  14  58  4 730 101343  HO
-1  14  59  4 730 101526  HO
-1  14  60  4 730 101526  HO
-1  14  61  4 730 101526  HO
-1  14  62  4 730 100956  HO
-1  14  63  4 730 100956  HO
-1  14  64  4 730 100956  HO
-1  14  65  4 731 100969  HO
-1  14  66  4 731 100969  HO
-1  14  67  4 731 100969  HO
-1  14  68  4 731 101602  HO
-1  14  69  4 731 101602  HO
-1  14  70  4 731 101602  HO
-1  14  71  4 724 101244  HO
-1  14  72  4 724 101244  HO
-1  15  1 4 724 101247  HO
-1  15  1 4 724 101247  HOX
-1  15  2 4 724 100935  HO
-1  15  2 4 724 100935  HOX
-1  15  3 4 724 100935  HO
-1  15  3 4 724 100935  HOX
-1  15  4 4 724 100935  HO
-1  15  4 4 724 100935  HOX
-1  15  5 4 724 101133  HO
-1  15  5 4 725 101133  HOX
-1  15  6 4 724 101133  HO
-1  15  6 4 725 101133  HOX
-1  15  7 4 724 101133  HO
-1  15  7 4 725 101133  HOX
-1  15  8 4 724 100177  HO
-1  15  8 4 724 100177  HOX
-1  15  9 4 724 100177  HO
-1  15  9 4 724 100177  HOX
-1  15  10  4 724 100177  HO
-1  15  10  4 724 100177  HOX
-1  15  11  4 725 101239  HO
-1  15  11  4 725 101239  HOX
-1  15  12  4 725 101239  HO
-1  15  12  4 725 101239  HOX
-1  15  13  4 725 101239  HO
-1  15  13  4 725 101239  HOX
-1  15  14  4 725 101105  HO
-1  15  14  4 725 101105  HOX
-1  15  15  4 725 101105  HO
-1  15  15  4 725 101105  HOX
-1  15  16  4 725 101105  HO
-1  15  16  4 725 101105  HOX
-1  15  17  4 726 101104  HO
-1  15  17  4 726 101104  HOX
-1  15  18  4 726 101104  HO
-1  15  18  4 726 101104  HOX
-1  15  19  4 726 101104  HO
-1  15  19  4 726 101104  HOX
-1  15  20  4 726 101287  HO
-1  15  20  4 726 101287  HOX
-1  15  21  4 726 101287  HO
-1  15  21  4 726 101287  HOX
-1  15  22  4 726 101287  HO
-1  15  22  4 726 101287  HOX
-1  15  23  4 727 101132  HO
-1  15  23  4 727 101132  HOX
-1  15  24  4 727 101132  HO
-1  15  24  4 727 101132  HOX
-1  15  25  4 727 101132  HO
-1  15  25  4 727 101132  HOX
-1  15  26  4 727 101372  HO
-1  15  26  4 726 101372  HOX
-1  15  27  4 727 101372  HO
-1  15  27  4 726 101372  HOX
-1  15  28  4 727 101372  HO
-1  15  28  4 726 101372  HOX
-1  15  29  4 727 101257  HO
-1  15  29  4 727 101257  HOX
-1  15  30  4 727 101257  HO
-1  15  30  4 727 101257  HOX
-1  15  31  4 727 101257  HO
-1  15  31  4 727 101257  HOX
-1  15  32  4 727 101261  HO
-1  15  32  4 727 101261  HOX
-1  15  33  4 727 101261  HO
-1  15  33  4 727 101261  HOX
-1  15  34  4 727 101261  HO
-1  15  34  4 727 101261  HOX
-1  15  35  4 728 100978  HO
-1  15  35  4 728 100978  HOX
-1  15  36  4 728 100978  HO
-1  15  36  4 728 100978  HOX
-1  15  37  4 728 100978  HO
-1  15  37  4 728 100978  HOX
-1  15  38  4 728 101203  HO
-1  15  38  4 728 101203  HOX
-1  15  39  4 728 101203  HO
-1  15  39  4 728 101203  HOX
-1  15  40  4 728 101203  HO
-1  15  40  4 728 101203  HOX
-1  15  41  4 729 101374  HO
-1  15  41  4 728 101374  HOX
-1  15  42  4 729 101374  HO
-1  15  42  4 728 101374  HOX
-1  15  43  4 729 101374  HO
-1  15  43  4 728 101374  HOX
-1  15  44  4 729 100295  HO
-1  15  44  4 729 100295  HOX
-1  15  45  4 729 100295  HO
-1  15  45  4 729 100295  HOX
-1  15  46  4 729 100295  HO
-1  15  46  4 729 100295  HOX
-1  15  47  4 729 101286  HO
-1  15  47  4 729 101286  HOX
-1  15  48  4 729 101286  HO
-1  15  48  4 729 101286  HOX
-1  15  49  4 729 101286  HO
-1  15  49  4 729 101286  HOX
-1  15  50  4 729 101353  HO
-1  15  50  4 729 101353  HOX
-1  15  51  4 729 101353  HO
-1  15  51  4 729 101353  HOX
-1  15  52  4 729 101353  HO
-1  15  52  4 729 101353  HOX
-1  15  53  4 730 101079  HO
-1  15  53  4 730 101079  HOX
-1  15  54  4 730 101079  HO
-1  15  54  4 730 101079  HOX
-1  15  55  4 730 101079  HO
-1  15  55  4 730 101079  HOX
-1  15  56  4 730 101345  HO
-1  15  56  4 730 101345  HOX
-1  15  57  4 730 101345  HO
-1  15  57  4 730 101345  HOX
-1  15  58  4 730 101345  HO
-1  15  58  4 730 101345  HOX
-1  15  59  4 730 100795  HO
-1  15  59  4 731 100795  HOX
-1  15  60  4 730 100795  HO
-1  15  60  4 731 100795  HOX
-1  15  61  4 730 100795  HO
-1  15  61  4 731 100795  HOX
-1  15  62  4 730 100959  HO
-1  15  62  4 730 100959  HOX
-1  15  63  4 730 100959  HO
-1  15  63  4 730 100959  HOX
-1  15  64  4 730 100959  HO
-1  15  64  4 730 100959  HOX
-1  15  65  4 731 100984  HO
-1  15  65  4 731 100984  HOX
-1  15  66  4 731 100984  HO
-1  15  66  4 731 100984  HOX
-1  15  67  4 731 100984  HO
-1  15  67  4 731 100984  HOX
-1  15  68  4 731 100966  HO
-1  15  68  4 731 100966  HOX
-1  15  69  4 731 100966  HO
-1  15  69  4 731 100966  HOX
-1  15  70  4 731 100966  HO
-1  15  70  4 731 100966  HOX
-1  15  71  4 724 101247  HO
-1  15  71  4 724 101247  HOX
-1  15  72  4 724 101247  HO
-1  15  72  4 724 101247  HOX
1 1 1 4 724 101284  HO
1 1 2 4 724 101284  HO
1 1 3 4 724 101054  HO
1 1 4 4 724 101054  HO
1 1 5 4 724 101295  HO
1 1 6 4 724 101295  HO
1 1 7 4 724 101327  HO
1 1 8 4 724 101327  HO
1 1 9 4 724 101043  HO
1 1 10  4 724 101043  HO
1 1 11  4 725 101149  HO
1 1 12  4 725 101149  HO
1 1 13  4 725 100745  HO
1 1 14  4 725 100745  HO
1 1 15  4 725 101197  HO
1 1 16  4 725 101197  HO
1 1 17  4 726 101128  HO
1 1 18  4 726 101128  HO
1 1 19  4 726 101220  HO
1 1 20  4 726 101220  HO
1 1 21  4 726 101249  HO
1 1 22  4 726 101249  HO
1 1 23  4 727 101102  HO
1 1 24  4 727 101102  HO
1 1 25  4 727 100952  HO
1 1 26  4 727 100952  HO
1 1 27  4 727 101342  HO
1 1 28  4 727 101342  HO
1 1 29  4 727 101035  HO
1 1 30  4 727 101035  HO
1 1 31  4 727 101355  HO
1 1 32  4 727 101355  HO
1 1 33  4 727 101190  HO
1 1 34  4 727 101190  HO
1 1 35  4 728 101218  HO
1 1 36  4 728 101218  HO
1 1 37  4 728 100654  HO
1 1 38  4 728 100654  HO
1 1 39  4 728 101230  HO
1 1 40  4 728 101230  HO
1 1 41  4 729 101181  HO
1 1 42  4 729 101181  HO
1 1 43  4 729 101285  HO
1 1 44  4 729 101285  HO
1 1 45  4 729 101207  HO
1 1 46  4 729 101207  HO
1 1 47  4 729 101268  HO
1 1 48  4 729 101268  HO
1 1 49  4 729 101047  HO
1 1 50  4 729 101047  HO
1 1 51  4 729 101070  HO
1 1 52  4 729 101070  HO
1 1 53  4 730 101031  HO
1 1 54  4 730 101031  HO
1 1 55  4 730 101330  HO
1 1 56  4 730 101330  HO
1 1 57  4 730 101265  HO
1 1 58  4 730 101265  HO
1 1 59  4 730 101158  HO
1 1 60  4 730 101158  HO
1 1 61  4 730 100961  HO
1 1 62  4 730 100961  HO
1 1 63  4 730 101010  HO
1 1 64  4 730 101010  HO
1 1 65  4 731 100986  HO
1 1 66  4 731 100986  HO
1 1 67  4 731 101172  HO
1 1 68  4 731 101172  HO
1 1 69  4 731 101282  HO
1 1 70  4 731 101282  HO
1 1 71  4 724 101023  HO
1 1 72  4 724 101023  HO
1 2 1 4 724 101259  HO
1 2 2 4 724 101259  HO
1 2 3 4 724 101065  HO
1 2 4 4 724 101065  HO
1 2 5 4 724 101296  HO
1 2 6 4 724 101295  HO
1 2 7 4 724 101319  HO
1 2 8 4 724 101327  HO
1 2 9 4 724 101032  HO
1 2 10  4 724 101043  HO
1 2 11  4 725 101148  HO
1 2 12  4 725 101149  HO
1 2 13  4 725 100881  HO
1 2 14  4 725 100745  HO
1 2 15  4 725 101191  HO
1 2 16  4 725 101197  HO
1 2 17  4 726 101147  HO
1 2 18  4 726 101147  HO
1 2 19  4 726 101233  HO
1 2 20  4 726 101233  HO
1 2 21  4 726 101245  HO
1 2 22  4 726 101245  HO
1 2 23  4 726 101041  HO
1 2 24  4 726 101041  HO
1 2 25  4 726 100948  HO
1 2 26  4 726 100948  HO
1 2 27  4 726 101340  HO
1 2 28  4 726 101340  HO
1 2 29  4 727 100999  HO
1 2 30  4 727 101035  HO
1 2 31  4 727 101359  HO
1 2 32  4 727 101355  HO
1 2 33  4 727 101193  HO
1 2 34  4 727 101190  HO
1 2 35  4 728 101194  HO
1 2 36  4 728 101218  HO
1 2 37  4 728 101217  HO
1 2 38  4 728 100654  HO
1 2 39  4 728 101231  HO
1 2 40  4 728 101230  HO
1 2 41  4 728 101306  HO
1 2 42  4 728 101306  HO
1 2 43  4 728 101273  HO
1 2 44  4 728 101273  HO
1 2 45  4 728 101206  HO
1 2 46  4 728 101206  HO
1 2 47  4 729 101251  HO
1 2 48  4 729 101251  HO
1 2 49  4 729 101311  HO
1 2 50  4 729 101311  HO
1 2 51  4 729 101077  HO
1 2 52  4 729 101077  HO
1 2 53  4 730 101027  HO
1 2 54  4 730 101031  HO
1 2 55  4 730 101328  HO
1 2 56  4 730 101330  HO
1 2 57  4 730 101264  HO
1 2 58  4 730 101265  HO
1 2 59  4 730 101013  HO
1 2 60  4 730 101158  HO
1 2 61  4 730 101174  HO
1 2 62  4 730 100961  HO
1 2 63  4 730 101303  HO
1 2 64  4 730 101010  HO
1 2 65  4 731 100943  HO
1 2 66  4 731 100943  HO
1 2 67  4 731 101195  HO
1 2 68  4 731 101195  HO
1 2 69  4 731 101333  HO
1 2 70  4 731 101333  HO
1 2 71  4 724 101225  HO
1 2 72  4 724 101225  HO
1 3 1 4 724 101284  HO
1 3 2 4 724 101284  HO
1 3 3 4 724 101054  HO
1 3 4 4 724 101054  HO
1 3 5 4 724 101296  HO
1 3 6 4 724 101296  HO
1 3 7 4 724 101319  HO
1 3 8 4 724 101319  HO
1 3 9 4 724 101032  HO
1 3 10  4 724 101032  HO
1 3 11  4 725 101148  HO
1 3 12  4 725 101148  HO
1 3 13  4 725 100881  HO
1 3 14  4 725 100881  HO
1 3 15  4 725 101191  HO
1 3 16  4 725 101191  HO
1 3 17  4 726 101128  HO
1 3 18  4 726 101128  HO
1 3 19  4 726 101220  HO
1 3 20  4 726 101220  HO
1 3 21  4 726 101249  HO
1 3 22  4 726 101249  HO
1 3 23  4 727 101102  HO
1 3 24  4 727 101102  HO
1 3 25  4 727 100952  HO
1 3 26  4 727 100952  HO
1 3 27  4 727 101342  HO
1 3 28  4 727 101342  HO
1 3 29  4 727 100999  HO
1 3 30  4 727 100999  HO
1 3 31  4 727 101359  HO
1 3 32  4 727 101359  HO
1 3 33  4 727 101193  HO
1 3 34  4 727 101193  HO
1 3 35  4 728 101194  HO
1 3 36  4 728 101194  HO
1 3 37  4 728 101217  HO
1 3 38  4 728 101217  HO
1 3 39  4 728 101231  HO
1 3 40  4 728 101231  HO
1 3 41  4 729 101181  HO
1 3 42  4 729 101181  HO
1 3 43  4 729 101285  HO
1 3 44  4 729 101285  HO
1 3 45  4 729 101207  HO
1 3 46  4 729 101207  HO
1 3 47  4 729 101268  HO
1 3 48  4 729 101268  HO
1 3 49  4 729 101047  HO
1 3 50  4 729 101047  HO
1 3 51  4 729 101070  HO
1 3 52  4 729 101070  HO
1 3 53  4 730 101027  HO
1 3 54  4 730 101027  HO
1 3 55  4 730 101328  HO
1 3 56  4 730 101328  HO
1 3 57  4 730 101264  HO
1 3 58  4 730 101264  HO
1 3 59  4 730 101013  HO
1 3 60  4 730 101013  HO
1 3 61  4 730 101174  HO
1 3 62  4 730 101174  HO
1 3 63  4 730 101303  HO
1 3 64  4 730 101303  HO
1 3 65  4 731 100986  HO
1 3 66  4 731 100986  HO
1 3 67  4 731 101172  HO
1 3 68  4 731 101172  HO
1 3 69  4 731 101282  HO
1 3 70  4 731 101282  HO
1 3 71  4 724 101023  HO
1 3 72  4 724 101023  HO
1 4 1 4 724 101284  HO
1 4 1 4 724 101284  HOX
1 4 2 4 724 101284  HO
1 4 3 4 724 101054  HO
1 4 3 4 724 101054  HOX
1 4 4 4 724 101054  HO
1 4 5 4 725 101296  HO
1 4 6 4 725 101296  HO
1 4 6 4 725 101296  HOX
1 4 7 4 725 101319  HO
1 4 8 4 725 101319  HO
1 4 8 4 725 101319  HOX
1 4 9 4 725 101032  HO
1 4 10  4 725 101032  HO
1 4 10  4 725 101032  HOX
1 4 11  4 725 101148  HO
1 4 12  4 725 101148  HO
1 4 12  4 725 101148  HOX
1 4 13  4 725 100881  HO
1 4 14  4 725 100881  HO
1 4 14  4 725 100881  HOX
1 4 15  4 725 101191  HO
1 4 16  4 725 101191  HO
1 4 16  4 725 101191  HOX
1 4 17  4 726 101128  HO
1 4 17  4 726 101128  HOX
1 4 18  4 726 101128  HO
1 4 19  4 726 101220  HO
1 4 19  4 726 101220  HOX
1 4 20  4 726 101220  HO
1 4 21  4 726 101249  HO
1 4 21  4 726 101249  HOX
1 4 22  4 726 101249  HO
1 4 23  4 727 101102  HO
1 4 23  4 726 101102  HOX
1 4 24  4 727 101102  HO
1 4 25  4 727 100952  HO
1 4 25  4 726 100952  HOX
1 4 26  4 727 100952  HO
1 4 27  4 727 101342  HO
1 4 27  4 726 101342  HOX
1 4 28  4 727 101342  HO
1 4 29  4 727 100999  HO
1 4 30  4 727 100999  HO
1 4 30  4 727 100999  HOX
1 4 31  4 727 101359  HO
1 4 32  4 727 101359  HO
1 4 32  4 727 101359  HOX
1 4 33  4 727 101193  HO
1 4 34  4 727 101193  HO
1 4 34  4 727 101193  HOX
1 4 35  4 728 101194  HO
1 4 36  4 728 101194  HO
1 4 36  4 728 101194  HOX
1 4 37  4 728 101217  HO
1 4 38  4 728 101217  HO
1 4 38  4 728 101217  HOX
1 4 39  4 728 101231  HO
1 4 40  4 728 101231  HO
1 4 40  4 728 101231  HOX
1 4 41  4 729 101181  HO
1 4 41  4 728 101181  HOX
1 4 42  4 729 101181  HO
1 4 43  4 729 101285  HO
1 4 43  4 728 101285  HOX
1 4 44  4 729 101285  HO
1 4 45  4 729 101207  HO
1 4 45  4 728 101207  HOX
1 4 46  4 729 101207  HO
1 4 47  4 729 101268  HO
1 4 47  4 729 101268  HOX
1 4 48  4 729 101268  HO
1 4 49  4 729 101047  HO
1 4 49  4 729 101047  HOX
1 4 50  4 729 101047  HO
1 4 51  4 729 101070  HO
1 4 51  4 729 101070  HOX
1 4 52  4 729 101070  HO
1 4 53  4 730 101027  HO
1 4 54  4 730 101027  HO
1 4 54  4 730 101027  HOX
1 4 55  4 730 101328  HO
1 4 56  4 730 101328  HO
1 4 56  4 730 101328  HOX
1 4 57  4 730 101264  HO
1 4 58  4 730 101264  HO
1 4 58  4 730 101264  HOX
1 4 59  4 731 101013  HO
1 4 60  4 731 101013  HO
1 4 60  4 731 101013  HOX
1 4 61  4 731 101174  HO
1 4 62  4 731 101174  HO
1 4 62  4 731 101174  HOX
1 4 63  4 731 101303  HO
1 4 64  4 731 101303  HO
1 4 64  4 731 101303  HOX
1 4 65  4 731 100986  HO
1 4 65  4 731 100986  HOX
1 4 66  4 731 100986  HO
1 4 67  4 731 101172  HO
1 4 67  4 731 101172  HOX
1 4 68  4 731 101172  HO
1 4 69  4 731 101282  HO
1 4 69  4 731 101282  HOX
1 4 70  4 731 101282  HO
1 4 71  4 724 101023  HO
1 4 71  4 724 101023  HOX
1 4 72  4 724 101023  HO
1 5 1 4 724 101092  HO
1 5 2 4 724 100923  HO
1 5 3 4 724 100923  HO
1 5 4 4 724 100923  HO
1 5 5 4 725 100903  HO
1 5 6 4 725 100903  HO
1 5 7 4 725 100903  HO
1 5 8 4 725 101095  HO
1 5 9 4 725 101095  HO
1 5 10  4 725 101095  HO
1 5 11  4 725 100951  HO
1 5 12  4 725 100951  HO
1 5 13  4 725 100951  HO
1 5 14  4 725 100621  HO
1 5 15  4 725 100621  HO
1 5 16  4 725 100621  HO
1 5 17  4 726 101019  HO
1 5 18  4 726 101019  HO
1 5 19  4 726 101019  HO
1 5 20  4 726 101322  HO
1 5 21  4 726 101322  HO
1 5 22  4 726 101322  HO
1 5 23  4 726 101067  HO
1 5 24  4 726 101067  HO
1 5 25  4 726 101067  HO
1 5 26  4 726 101060  HO
1 5 27  4 726 101060  HO
1 5 28  4 727 101317  HO
1 5 29  4 726 101060  HO
1 5 30  4 727 101317  HO
1 5 31  4 727 101317  HO
1 5 32  4 727 101279  HO
1 5 33  4 727 101279  HO
1 5 34  4 727 101279  HO
1 5 35  4 728 101337  HO
1 5 36  4 728 101337  HO
1 5 37  4 728 101337  HO
1 5 38  4 728 101083  HO
1 5 39  4 728 101083  HO
1 5 40  4 728 101083  HO
1 5 41  4 728 101346  HO
1 5 42  4 728 101346  HO
1 5 43  4 728 101346  HO
1 5 44  4 728 100852  HO
1 5 45  4 728 100852  HO
1 5 46  4 728 100852  HO
1 5 47  4 729 101087  HO
1 5 48  4 729 101087  HO
1 5 49  4 729 101087  HO
1 5 50  4 729 101600  HO
1 5 51  4 729 101600  HO
1 5 52  4 729 101600  HO
1 5 53  4 730 101154  HO
1 5 54  4 730 101154  HO
1 5 55  4 730 101154  HO
1 5 56  4 730 101182  HO
1 5 57  4 730 101182  HO
1 5 58  4 730 101182  HO
1 5 59  4 731 100789  HO
1 5 60  4 731 100789  HO
1 5 61  4 731 100789  HO
1 5 62  4 731 101117  HO
1 5 63  4 731 101117  HO
1 5 64  4 731 101117  HO
1 5 65  4 731 101354  HO
1 5 66  4 731 101354  HO
1 5 67  4 731 101354  HO
1 5 68  4 731 101292  HO
1 5 69  4 731 101292  HO
1 5 70  4 731 101292  HO
1 5 71  4 724 101092  HO
1 5 72  4 724 101092  HO
1 6 1 4 724 101092  HO
1 6 2 4 724 100923  HO
1 6 3 4 724 100923  HO
1 6 4 4 724 100923  HO
1 6 5 4 725 100903  HO
1 6 6 4 725 100903  HO
1 6 7 4 725 100903  HO
1 6 8 4 725 101095  HO
1 6 9 4 725 101095  HO
1 6 10  4 725 101095  HO
1 6 11  4 725 100951  HO
1 6 12  4 725 100951  HO
1 6 13  4 725 100951  HO
1 6 14  4 725 100621  HO
1 6 15  4 725 100621  HO
1 6 16  4 725 100621  HO
1 6 17  4 726 101019  HO
1 6 18  4 726 101019  HO
1 6 19  4 726 101019  HO
1 6 20  4 726 101322  HO
1 6 21  4 726 101322  HO
1 6 22  4 726 101322  HO
1 6 23  4 726 101067  HO
1 6 24  4 726 101067  HO
1 6 25  4 726 101067  HO
1 6 26  4 726 101060  HO
1 6 27  4 726 101060  HO
1 6 28  4 727 101317  HO
1 6 29  4 726 101060  HO
1 6 30  4 727 101317  HO
1 6 31  4 727 101317  HO
1 6 32  4 727 101279  HO
1 6 33  4 727 101279  HO
1 6 34  4 727 101279  HO
1 6 35  4 728 101337  HO
1 6 36  4 728 101337  HO
1 6 37  4 728 101337  HO
1 6 38  4 728 101083  HO
1 6 39  4 728 101083  HO
1 6 40  4 728 101083  HO
1 6 41  4 728 101346  HO
1 6 42  4 728 101346  HO
1 6 43  4 728 101346  HO
1 6 44  4 728 100852  HO
1 6 45  4 728 100852  HO
1 6 46  4 728 100852  HO
1 6 47  4 729 101087  HO
1 6 48  4 729 101087  HO
1 6 49  4 729 101087  HO
1 6 50  4 729 101600  HO
1 6 51  4 729 101600  HO
1 6 52  4 729 101600  HO
1 6 53  4 730 101154  HO
1 6 54  4 730 101154  HO
1 6 55  4 730 101154  HO
1 6 56  4 730 101182  HO
1 6 57  4 730 101182  HO
1 6 58  4 730 101182  HO
1 6 59  4 731 100789  HO
1 6 60  4 731 100789  HO
1 6 61  4 731 100789  HO
1 6 62  4 731 101117  HO
1 6 63  4 731 101117  HO
1 6 64  4 731 101117  HO
1 6 65  4 731 101354  HO
1 6 66  4 731 101354  HO
1 6 67  4 731 101354  HO
1 6 68  4 731 101292  HO
1 6 69  4 731 101292  HO
1 6 70  4 731 101292  HO
1 6 71  4 724 101092  HO
1 6 72  4 724 101092  HO
1 7 1 4 724 101162  HO
1 7 2 4 724 100925  HO
1 7 3 4 724 100925  HO
1 7 4 4 724 100925  HO
1 7 5 4 725 101122  HO
1 7 6 4 725 101122  HO
1 7 7 4 725 101122  HO
1 7 8 4 725 101089  HO
1 7 9 4 725 101089  HO
1 7 10  4 725 101089  HO
1 7 11  4 725 100954  HO
1 7 12  4 725 100954  HO
1 7 13  4 725 100954  HO
1 7 14  4 725 100079  HO
1 7 15  4 725 100079  HO
1 7 16  4 725 100079  HO
1 7 17  4 726 101050  HO
1 7 18  4 726 101050  HO
1 7 19  4 726 101050  HO
1 7 20  4 726 101321  HO
1 7 21  4 726 101321  HO
1 7 22  4 726 101321  HO
1 7 23  4 726 101066  HO
1 7 24  4 726 101066  HO
1 7 25  4 726 101066  HO
1 7 26  4 726 101153  HO
1 7 27  4 726 101153  HO
1 7 28  4 727 101318  HO
1 7 29  4 726 101153  HO
1 7 30  4 727 101318  HO
1 7 31  4 727 101318  HO
1 7 32  4 727 101379  HO
1 7 33  4 727 101379  HO
1 7 34  4 727 101379  HO
1 7 35  4 728 101336  HO
1 7 36  4 728 101336  HO
1 7 37  4 728 101336  HO
1 7 38  4 728 101058  HO
1 7 39  4 728 101058  HO
1 7 40  4 728 101058  HO
1 7 41  4 728 101326  HO
1 7 42  4 728 101326  HO
1 7 43  4 728 101326  HO
1 7 44  4 728 101536  HO
1 7 45  4 728 101536  HO
1 7 46  4 728 101536  HO
1 7 47  4 729 101081  HO
1 7 48  4 729 101081  HO
1 7 49  4 729 101081  HO
1 7 50  4 729 101348  HO
1 7 51  4 729 101348  HO
1 7 52  4 729 101348  HO
1 7 53  4 730 101159  HO
1 7 54  4 730 101159  HO
1 7 55  4 730 101159  HO
1 7 56  4 730 101184  HO
1 7 57  4 730 101184  HO
1 7 58  4 730 101184  HO
1 7 59  4 731 100634  HO
1 7 60  4 731 100634  HO
1 7 61  4 731 100634  HO
1 7 62  4 731 100990  HO
1 7 63  4 731 100990  HO
1 7 64  4 731 100990  HO
1 7 65  4 731 101349  HO
1 7 66  4 731 101349  HO
1 7 67  4 731 101349  HO
1 7 68  4 731 101291  HO
1 7 69  4 731 101291  HO
1 7 70  4 731 101291  HO
1 7 71  4 724 101162  HO
1 7 72  4 724 101162  HO
1 8 1 4 724 101162  HO
1 8 2 4 724 100925  HO
1 8 3 4 724 100925  HO
1 8 4 4 724 100925  HO
1 8 5 4 725 101122  HO
1 8 6 4 725 101122  HO
1 8 7 4 725 101122  HO
1 8 8 4 725 101089  HO
1 8 9 4 725 101089  HO
1 8 10  4 725 101089  HO
1 8 11  4 725 100954  HO
1 8 12  4 725 100954  HO
1 8 13  4 725 100954  HO
1 8 14  4 725 100079  HO
1 8 15  4 725 100079  HO
1 8 16  4 725 100079  HO
1 8 17  4 726 101050  HO
1 8 18  4 726 101050  HO
1 8 19  4 726 101050  HO
1 8 20  4 726 101321  HO
1 8 21  4 726 101321  HO
1 8 22  4 726 101321  HO
1 8 23  4 726 101066  HO
1 8 24  4 726 101066  HO
1 8 25  4 726 101066  HO
1 8 26  4 726 101153  HO
1 8 27  4 726 101153  HO
1 8 28  4 727 101318  HO
1 8 29  4 726 101153  HO
1 8 30  4 727 101318  HO
1 8 31  4 727 101318  HO
1 8 32  4 727 101379  HO
1 8 33  4 727 101379  HO
1 8 34  4 727 101379  HO
1 8 35  4 728 101336  HO
1 8 36  4 728 101336  HO
1 8 37  4 728 101336  HO
1 8 38  4 728 101058  HO
1 8 39  4 728 101058  HO
1 8 40  4 728 101058  HO
1 8 41  4 728 101326  HO
1 8 42  4 728 101326  HO
1 8 43  4 728 101326  HO
1 8 44  4 728 101536  HO
1 8 45  4 728 101536  HO
1 8 46  4 728 101536  HO
1 8 47  4 729 101081  HO
1 8 48  4 729 101081  HO
1 8 49  4 729 101081  HO
1 8 50  4 729 101348  HO
1 8 51  4 729 101348  HO
1 8 52  4 729 101348  HO
1 8 53  4 730 101159  HO
1 8 54  4 730 101159  HO
1 8 55  4 730 101159  HO
1 8 56  4 730 101184  HO
1 8 57  4 730 101184  HO
1 8 58  4 730 101184  HO
1 8 59  4 731 100634  HO
1 8 60  4 731 100634  HO
1 8 61  4 731 100634  HO
1 8 62  4 731 100990  HO
1 8 63  4 731 100990  HO
1 8 64  4 731 100990  HO
1 8 65  4 731 101349  HO
1 8 66  4 731 101349  HO
1 8 67  4 731 101349  HO
1 8 68  4 731 101291  HO
1 8 69  4 731 101291  HO
1 8 70  4 731 101291  HO
1 8 71  4 724 101162  HO
1 8 72  4 724 101162  HO
1 9 1 4 724 101150  HO
1 9 2 4 724 100926  HO
1 9 3 4 724 100926  HO
1 9 4 4 724 100926  HO
1 9 5 4 725 101121  HO
1 9 6 4 725 101121  HO
1 9 7 4 725 101121  HO
1 9 8 4 725 101094  HO
1 9 9 4 725 101094  HO
1 9 10  4 725 101094  HO
1 9 11  4 725 100965  HO
1 9 12  4 725 100965  HO
1 9 13  4 725 100965  HO
1 9 14  4 725 100771  HO
1 9 15  4 725 100771  HO
1 9 16  4 725 100771  HO
1 9 17  4 726 101040  HO
1 9 18  4 726 101040  HO
1 9 19  4 726 101040  HO
1 9 20  4 726 101320  HO
1 9 21  4 726 101320  HO
1 9 22  4 726 101320  HO
1 9 23  4 726 101055  HO
1 9 24  4 726 101055  HO
1 9 25  4 726 101055  HO
1 9 26  4 726 101163  HO
1 9 27  4 726 101163  HO
1 9 28  4 727 101116  HO
1 9 29  4 726 101163  HO
1 9 30  4 727 101116  HO
1 9 31  4 727 101116  HO
1 9 32  4 727 101277  HO
1 9 33  4 727 101277  HO
1 9 34  4 727 101277  HO
1 9 35  4 728 101334  HO
1 9 36  4 728 101334  HO
1 9 37  4 728 101334  HO
1 9 38  4 728 101171  HO
1 9 39  4 728 101171  HO
1 9 40  4 728 101171  HO
1 9 41  4 728 101344  HO
1 9 42  4 728 101344  HO
1 9 43  4 728 101344  HO
1 9 44  4 728 100519  HO
1 9 45  4 728 100519  HO
1 9 46  4 728 100519  HO
1 9 47  4 729 101080  HO
1 9 48  4 729 101080  HO
1 9 49  4 729 101080  HO
1 9 50  4 729 101351  HO
1 9 51  4 729 101351  HO
1 9 52  4 729 101351  HO
1 9 53  4 730 101160  HO
1 9 54  4 730 101160  HO
1 9 55  4 730 101160  HO
1 9 56  4 730 101185  HO
1 9 57  4 730 101185  HO
1 9 58  4 730 101185  HO
1 9 59  4 731 100763  HO
1 9 60  4 731 100763  HO
1 9 61  4 731 100763  HO
1 9 62  4 731 100985  HO
1 9 63  4 731 100985  HO
1 9 64  4 731 100985  HO
1 9 65  4 731 101350  HO
1 9 66  4 731 101350  HO
1 9 67  4 731 101350  HO
1 9 68  4 731 101290  HO
1 9 69  4 731 101290  HO
1 9 70  4 731 101290  HO
1 9 71  4 724 101150  HO
1 9 72  4 724 101150  HO
1 10  1 4 724 101150  HO
1 10  2 4 724 100926  HO
1 10  3 4 724 100926  HO
1 10  4 4 724 100926  HO
1 10  5 4 725 101121  HO
1 10  6 4 725 101121  HO
1 10  7 4 725 101121  HO
1 10  8 4 725 101094  HO
1 10  9 4 725 101094  HO
1 10  10  4 725 101094  HO
1 10  11  4 725 100965  HO
1 10  12  4 725 100965  HO
1 10  13  4 725 100965  HO
1 10  14  4 725 100771  HO
1 10  15  4 725 100771  HO
1 10  16  4 725 100771  HO
1 10  17  4 726 101040  HO
1 10  18  4 726 101040  HO
1 10  19  4 726 101040  HO
1 10  20  4 726 101320  HO
1 10  21  4 726 101320  HO
1 10  22  4 726 101320  HO
1 10  23  4 726 101055  HO
1 10  24  4 726 101055  HO
1 10  25  4 726 101055  HO
1 10  26  4 726 101163  HO
1 10  27  4 726 101163  HO
1 10  28  4 727 101116  HO
1 10  29  4 726 101163  HO
1 10  30  4 727 101116  HO
1 10  31  4 727 101116  HO
1 10  32  4 727 101277  HO
1 10  33  4 727 101277  HO
1 10  34  4 727 101277  HO
1 10  35  4 728 101334  HO
1 10  36  4 728 101334  HO
1 10  37  4 728 101334  HO
1 10  38  4 728 101171  HO
1 10  39  4 728 101171  HO
1 10  40  4 728 101171  HO
1 10  41  4 728 101344  HO
1 10  42  4 728 101344  HO
1 10  43  4 728 101344  HO
1 10  44  4 728 100519  HO
1 10  45  4 728 100519  HO
1 10  46  4 728 100519  HO
1 10  47  4 729 101080  HO
1 10  48  4 729 101080  HO
1 10  49  4 729 101080  HO
1 10  50  4 729 101351  HO
1 10  51  4 729 101351  HO
1 10  52  4 729 101351  HO
1 10  53  4 730 101160  HO
1 10  54  4 730 101160  HO
1 10  55  4 730 101160  HO
1 10  56  4 730 101185  HO
1 10  57  4 730 101185  HO
1 10  58  4 730 101185  HO
1 10  59  4 731 100763  HO
1 10  60  4 731 100763  HO
1 10  61  4 731 100763  HO
1 10  62  4 731 100985  HO
1 10  63  4 731 100985  HO
1 10  64  4 731 100985  HO
1 10  65  4 731 101350  HO
1 10  66  4 731 101350  HO
1 10  67  4 731 101350  HO
1 10  68  4 731 101290  HO
1 10  69  4 731 101290  HO
1 10  70  4 731 101290  HO
1 10  71  4 724 101150  HO
1 10  72  4 724 101150  HO
1 11  1 4 724 101198  HO
1 11  2 4 724 101300  HO
1 11  3 4 724 101300  HO
1 11  4 4 724 101300  HO
1 11  5 4 725 101045  HO
1 11  6 4 725 101045  HO
1 11  7 4 725 101045  HO
1 11  8 4 725 101178  HO
1 11  9 4 725 101178  HO
1 11  10  4 725 101178  HO
1 11  11  4 725 101278  HO
1 11  12  4 725 101278  HO
1 11  13  4 725 101278  HO
1 11  14  4 725 100996  HO
1 11  15  4 725 100996  HO
1 11  16  4 725 100996  HO
1 11  17  4 726 101038  HO
1 11  18  4 726 101038  HO
1 11  19  4 726 101038  HO
1 11  20  4 726 101341  HO
1 11  21  4 726 101341  HO
1 11  22  4 726 101341  HO
1 11  23  4 726 100915  HO
1 11  24  4 726 100915  HO
1 11  25  4 726 100915  HO
1 11  26  4 726 101175  HO
1 11  27  4 726 101175  HO
1 11  28  4 726 101175  HO
1 11  29  4 727 101323  HO
1 11  30  4 727 101323  HO
1 11  31  4 727 101323  HO
1 11  32  4 727 101091  HO
1 11  33  4 727 101091  HO
1 11  34  4 727 101091  HO
1 11  35  4 728 101305  HO
1 11  36  4 728 101305  HO
1 11  37  4 728 101305  HO
1 11  38  4 728 101076  HO
1 11  39  4 728 101076  HO
1 11  40  4 728 101076  HO
1 11  41  4 728 101101  HO
1 11  42  4 728 101101  HO
1 11  43  4 728 101101  HO
1 11  44  4 728 101274  HO
1 11  45  4 728 101274  HO
1 11  46  4 728 101274  HO
1 11  47  4 729 101170  HO
1 11  48  4 729 101170  HO
1 11  49  4 729 101170  HO
1 11  50  4 729 101263  HO
1 11  51  4 729 101263  HO
1 11  52  4 729 101263  HO
1 11  53  4 730 101620  HO
1 11  54  4 730 101620  HO
1 11  55  4 730 101620  HO
1 11  56  4 730 100917  HO
1 11  57  4 730 100917  HO
1 11  58  4 730 100917  HO
1 11  59  4 731 100975  HO
1 11  60  4 731 100975  HO
1 11  61  4 731 100975  HO
1 11  62  4 731 100119  HO
1 11  63  4 731 100119  HO
1 11  64  4 731 100119  HO
1 11  65  4 731 100946  HO
1 11  66  4 731 100946  HO
1 11  67  4 731 100946  HO
1 11  68  4 731 100995  HO
1 11  69  4 731 100995  HO
1 11  70  4 731 100995  HO
1 11  71  4 724 101198  HO
1 11  72  4 724 101198  HO
1 12  1 4 724 101198  HO
1 12  2 4 724 101300  HO
1 12  3 4 724 101300  HO
1 12  4 4 724 101300  HO
1 12  5 4 725 101045  HO
1 12  6 4 725 101045  HO
1 12  7 4 725 101045  HO
1 12  8 4 725 101178  HO
1 12  9 4 725 101178  HO
1 12  10  4 725 101178  HO
1 12  11  4 725 101278  HO
1 12  12  4 725 101278  HO
1 12  13  4 725 101278  HO
1 12  14  4 725 100996  HO
1 12  15  4 725 100996  HO
1 12  16  4 725 100996  HO
1 12  17  4 726 101038  HO
1 12  18  4 726 101038  HO
1 12  19  4 726 101038  HO
1 12  20  4 726 101341  HO
1 12  21  4 726 101341  HO
1 12  22  4 726 101341  HO
1 12  23  4 726 100915  HO
1 12  24  4 726 100915  HO
1 12  25  4 726 100915  HO
1 12  26  4 726 101175  HO
1 12  27  4 726 101175  HO
1 12  28  4 726 101175  HO
1 12  29  4 727 101323  HO
1 12  30  4 727 101323  HO
1 12  31  4 727 101323  HO
1 12  32  4 727 101091  HO
1 12  33  4 727 101091  HO
1 12  34  4 727 101091  HO
1 12  35  4 728 101305  HO
1 12  36  4 728 101305  HO
1 12  37  4 728 101305  HO
1 12  38  4 728 101076  HO
1 12  39  4 728 101076  HO
1 12  40  4 728 101076  HO
1 12  41  4 728 101101  HO
1 12  42  4 728 101101  HO
1 12  43  4 728 101101  HO
1 12  44  4 728 101274  HO
1 12  45  4 728 101274  HO
1 12  46  4 728 101274  HO
1 12  47  4 729 101170  HO
1 12  48  4 729 101170  HO
1 12  49  4 729 101170  HO
1 12  50  4 729 101263  HO
1 12  51  4 729 101263  HO
1 12  52  4 729 101263  HO
1 12  53  4 730 101620  HO
1 12  54  4 730 101620  HO
1 12  55  4 730 101620  HO
1 12  56  4 730 100917  HO
1 12  57  4 730 100917  HO
1 12  58  4 730 100917  HO
1 12  59  4 731 100975  HO
1 12  60  4 731 100975  HO
1 12  61  4 731 100975  HO
1 12  62  4 731 100119  HO
1 12  63  4 731 100119  HO
1 12  64  4 731 100119  HO
1 12  65  4 731 100946  HO
1 12  66  4 731 100946  HO
1 12  67  4 731 100946  HO
1 12  68  4 731 100995  HO
1 12  69  4 731 100995  HO
1 12  70  4 731 100995  HO
1 12  71  4 724 101198  HO
1 12  72  4 724 101198  HO
1 13  1 4 724 101213  HO
1 13  2 4 724 101298  HO
1 13  3 4 724 101298  HO
1 13  4 4 724 101298  HO
1 13  5 4 725 101033  HO
1 13  6 4 725 101033  HO
1 13  7 4 725 101033  HO
1 13  8 4 725 101180  HO
1 13  9 4 725 101180  HO
1 13  10  4 725 101180  HO
1 13  11  4 725 101378  HO
1 13  12  4 725 101378  HO
1 13  13  4 725 101378  HO
1 13  14  4 725 101003  HO
1 13  15  4 725 101003  HO
1 13  16  4 725 101003  HO
1 13  17  4 726 101039  HO
1 13  18  4 726 101039  HO
1 13  19  4 726 101039  HO
1 13  20  4 726 101299  HO
1 13  21  4 726 101299  HO
1 13  22  4 726 101299  HO
1 13  23  4 726 100909  HO
1 13  24  4 726 100909  HO
1 13  25  4 726 100909  HO
1 13  26  4 726 101127  HO
1 13  27  4 726 101127  HO
1 13  28  4 726 101127  HO
1 13  29  4 727 101324  HO
1 13  30  4 727 101324  HO
1 13  31  4 727 101324  HO
1 13  32  4 727 101088  HO
1 13  33  4 727 101088  HO
1 13  34  4 727 101088  HO
1 13  35  4 728 100960  HO
1 13  36  4 728 100960  HO
1 13  37  4 728 100960  HO
1 13  38  4 728 101078  HO
1 13  39  4 728 101078  HO
1 13  40  4 728 101078  HO
1 13  41  4 728 101097  HO
1 13  42  4 728 101097  HO
1 13  43  4 728 101097  HO
1 13  44  4 728 101017  HO
1 13  45  4 728 101017  HO
1 13  46  4 728 101017  HO
1 13  47  4 729 101046  HO
1 13  48  4 729 101046  HO
1 13  49  4 729 101046  HO
1 13  50  4 729 101621  HO
1 13  51  4 729 101621  HO
1 13  52  4 729 101621  HO
1 13  53  4 730 101622  HO
1 13  54  4 730 101622  HO
1 13  55  4 730 101622  HO
1 13  56  4 730 100921  HO
1 13  57  4 730 100921  HO
1 13  58  4 730 100921  HO
1 13  59  4 731 100972  HO
1 13  60  4 731 100972  HO
1 13  61  4 731 100972  HO
1 13  62  4 731 100069  HO
1 13  63  4 731 100069  HO
1 13  64  4 731 100069  HO
1 13  65  4 731 100939  HO
1 13  66  4 731 100939  HO
1 13  67  4 731 100939  HO
1 13  68  4 731 100997  HO
1 13  69  4 731 100997  HO
1 13  70  4 731 100997  HO
1 13  71  4 724 101213  HO
1 13  72  4 724 101213  HO
1 14  1 4 724 101213  HO
1 14  2 4 724 101298  HO
1 14  3 4 724 101298  HO
1 14  4 4 724 101298  HO
1 14  5 4 725 101033  HO
1 14  6 4 725 101033  HO
1 14  7 4 725 101033  HO
1 14  8 4 725 101180  HO
1 14  9 4 725 101180  HO
1 14  10  4 725 101180  HO
1 14  11  4 725 101378  HO
1 14  12  4 725 101378  HO
1 14  13  4 725 101378  HO
1 14  14  4 725 101003  HO
1 14  15  4 725 101003  HO
1 14  16  4 725 101003  HO
1 14  17  4 726 101039  HO
1 14  18  4 726 101039  HO
1 14  19  4 726 101039  HO
1 14  20  4 726 101299  HO
1 14  21  4 726 101299  HO
1 14  22  4 726 101299  HO
1 14  23  4 726 100909  HO
1 14  24  4 726 100909  HO
1 14  25  4 726 100909  HO
1 14  26  4 726 101127  HO
1 14  27  4 726 101127  HO
1 14  28  4 726 101127  HO
1 14  29  4 727 101324  HO
1 14  30  4 727 101324  HO
1 14  31  4 727 101324  HO
1 14  32  4 727 101088  HO
1 14  33  4 727 101088  HO
1 14  34  4 727 101088  HO
1 14  35  4 728 100960  HO
1 14  36  4 728 100960  HO
1 14  37  4 728 100960  HO
1 14  38  4 728 101078  HO
1 14  39  4 728 101078  HO
1 14  40  4 728 101078  HO
1 14  41  4 728 101097  HO
1 14  42  4 728 101097  HO
1 14  43  4 728 101097  HO
1 14  44  4 728 101017  HO
1 14  45  4 728 101017  HO
1 14  46  4 728 101017  HO
1 14  47  4 729 101046  HO
1 14  48  4 729 101046  HO
1 14  49  4 729 101046  HO
1 14  50  4 729 101621  HO
1 14  51  4 729 101621  HO
1 14  52  4 729 101621  HO
1 14  53  4 730 101622  HO
1 14  54  4 730 101622  HO
1 14  55  4 730 101622  HO
1 14  56  4 730 100921  HO
1 14  57  4 730 100921  HO
1 14  58  4 730 100921  HO
1 14  59  4 731 100972  HO
1 14  60  4 731 100972  HO
1 14  61  4 731 100972  HO
1 14  62  4 731 100069  HO
1 14  63  4 731 100069  HO
1 14  64  4 731 100069  HO
1 14  65  4 731 100939  HO
1 14  66  4 731 100939  HO
1 14  67  4 731 100939  HO
1 14  68  4 731 100997  HO
1 14  69  4 731 100997  HO
1 14  70  4 731 100997  HO
1 14  71  4 724 101213  HO
1 14  72  4 724 101213  HO
1 15  1 4 724 101201  HO
1 15  1 4 729 101201  HOX
1 15  2 4 724 101297  HO
1 15  2 4 729 101297  HOX
1 15  3 4 724 101297  HO
1 15  3 4 729 101297  HOX
1 15  4 4 724 101297  HO
1 15  4 4 729 101297  HOX
1 15  5 4 725 101044  HO
1 15  5 4 729 101044  HOX
1 15  6 4 725 101044  HO
1 15  6 4 729 101044  HOX
1 15  7 4 725 101044  HO
1 15  7 4 729 101044  HOX
1 15  8 4 725 101052  HO
1 15  8 4 729 101052  HOX
1 15  9 4 725 101052  HO
1 15  9 4 729 101052  HOX
1 15  10  4 725 101052  HO
1 15  10  4 729 101052  HOX
1 15  11  4 725 101276  HO
1 15  11  4 729 101276  HOX
1 15  12  4 725 101276  HO
1 15  12  4 729 101276  HOX
1 15  13  4 725 101276  HO
1 15  13  4 729 101276  HOX
1 15  14  4 725 101005  HO
1 15  14  4 729 101005  HOX
1 15  15  4 725 101005  HO
1 15  15  4 729 101005  HOX
1 15  16  4 725 101005  HO
1 15  16  4 729 101005  HOX
1 15  17  4 726 101011  HO
1 15  17  4 729 101011  HOX
1 15  18  4 726 101011  HO
1 15  18  4 729 101011  HOX
1 15  19  4 726 101011  HO
1 15  19  4 729 101011  HOX
1 15  20  4 726 100911  HO
1 15  20  4 729 100911  HOX
1 15  21  4 726 100911  HO
1 15  21  4 729 100911  HOX
1 15  22  4 726 100911  HO
1 15  22  4 729 100911  HOX
1 15  23  4 726 100908  HO
1 15  23  4 729 100908  HOX
1 15  24  4 726 100908  HO
1 15  24  4 729 100908  HOX
1 15  25  4 726 100908  HO
1 15  25  4 729 100908  HOX
1 15  26  4 726 101177  HO
1 15  26  4 729 101177  HOX
1 15  27  4 726 101177  HO
1 15  27  4 729 101177  HOX
1 15  28  4 726 101177  HO
1 15  28  4 729 101177  HOX
1 15  29  4 727 101325  HO
1 15  29  4 729 101325  HOX
1 15  30  4 727 101325  HO
1 15  30  4 729 101325  HOX
1 15  31  4 727 101325  HO
1 15  31  4 729 101325  HOX
1 15  32  4 727 101338  HO
1 15  32  4 729 101338  HOX
1 15  33  4 727 101338  HO
1 15  33  4 729 101338  HOX
1 15  34  4 727 101338  HO
1 15  34  4 729 101338  HOX
1 15  35  4 728 100963  HO
1 15  35  4 727 100963  HOX
1 15  36  4 728 100963  HO
1 15  36  4 727 100963  HOX
1 15  37  4 728 100963  HO
1 15  37  4 727 100963  HOX
1 15  38  4 728 101072  HO
1 15  38  4 727 101072  HOX
1 15  39  4 728 101072  HO
1 15  39  4 727 101072  HOX
1 15  40  4 728 101072  HO
1 15  40  4 727 101072  HOX
1 15  41  4 728 101096  HO
1 15  41  4 727 101096  HOX
1 15  42  4 728 101096  HO
1 15  42  4 727 101096  HOX
1 15  43  4 728 101096  HO
1 15  43  4 727 101096  HOX
1 15  44  4 728 101179  HO
1 15  44  4 727 101179  HOX
1 15  45  4 728 101179  HO
1 15  45  4 727 101179  HOX
1 15  46  4 728 101179  HO
1 15  46  4 727 101179  HOX
1 15  47  4 729 101173  HO
1 15  47  4 727 101173  HOX
1 15  48  4 729 101173  HO
1 15  48  4 727 101173  HOX
1 15  49  4 729 101173  HO
1 15  49  4 727 101173  HOX
1 15  50  4 729 101623  HO
1 15  50  4 727 101623  HOX
1 15  51  4 729 101623  HO
1 15  51  4 727 101623  HOX
1 15  52  4 729 101623  HO
1 15  52  4 727 101623  HOX
1 15  53  4 730 101123  HO
1 15  53  4 727 101123  HOX
1 15  54  4 730 101123  HO
1 15  54  4 727 101123  HOX
1 15  55  4 730 101123  HO
1 15  55  4 727 101123  HOX
1 15  56  4 730 100922  HO
1 15  56  4 727 100922  HOX
1 15  57  4 730 100922  HO
1 15  57  4 727 100922  HOX
1 15  58  4 730 100922  HO
1 15  58  4 727 100922  HOX
1 15  59  4 731 100976  HO
1 15  59  4 727 100976  HOX
1 15  60  4 731 100976  HO
1 15  60  4 727 100976  HOX
1 15  61  4 731 100976  HO
1 15  61  4 727 100976  HOX
1 15  62  4 731 100427  HO
1 15  62  4 727 100427  HOX
1 15  63  4 731 100427  HO
1 15  63  4 727 100427  HOX
1 15  64  4 731 100427  HO
1 15  64  4 727 100427  HOX
1 15  65  4 731 100949  HO
1 15  65  4 727 100949  HOX
1 15  66  4 731 100949  HO
1 15  66  4 727 100949  HOX
1 15  67  4 731 100949  HO
1 15  67  4 727 100949  HOX
1 15  68  4 731 101006  HO
1 15  68  4 727 101006  HOX
1 15  69  4 731 101006  HO
1 15  69  4 727 101006  HOX
1 15  70  4 731 101006  HO
1 15  70  4 727 101006  HOX
1 15  71  4 724 101201  HO
1 15  71  4 729 101201  HOX
1 15  72  4 724 101201  HO
1 15  72  4 729 101201  HOX
