-1  1 1 1 1116  100300
-1  2 1 1 1116  100244
-1  3 1 1 1116  100300
-1  4 1 1 1116  100244
-1  5 1 1 1116  100300
-1  6 1 1 1116  100244
-1  7 1 1 1116  100300
-1  8 1 1 1116  100244
-1  9 1 1 1116  100300
-1  10  1 1 1116  100244
-1  11  1 1 1116  100300
-1  12  1 1 1116  100244
-1  13  1 1 1116  100282
-1  14  1 1 1116  100282
-1  15  1 1 1116  100282
-1  15  1 2 1116  100282
-1  16  1 1 1116  100282
-1  16  1 2 1116  100282
-1  1 2 1 1116  101440
-1  2 2 1 1116  101422
-1  3 2 1 1116  101440
-1  4 2 1 1116  101422
-1  5 2 1 1116  101440
-1  6 2 1 1116  101422
-1  7 2 1 1116  101440
-1  8 2 1 1116  101422
-1  9 2 1 1116  101440
-1  10  2 1 1116  101422
-1  11  2 1 1116  101440
-1  12  2 1 1116  101422
-1  13  2 1 1116  101402
-1  14  2 1 1116  101402
-1  15  2 1 1116  101402
-1  15  2 2 1116  101402
-1  16  2 1 1116  101402
-1  16  2 2 1116  101402
-1  1 3 1 1100  100847
-1  2 3 1 1100  101579
-1  3 3 1 1100  100847
-1  4 3 1 1100  101579
-1  5 3 1 1100  100847
-1  6 3 1 1100  101579
-1  7 3 1 1100  100847
-1  8 3 1 1100  101579
-1  9 3 1 1100  100847
-1  10  3 1 1100  101579
-1  11  3 1 1100  100847
-1  12  3 1 1100  101579
-1  13  3 1 1100  101535
-1  14  3 1 1100  101535
-1  15  3 1 1100  101535
-1  15  3 2 1100  101535
-1  16  3 1 1100  101535
-1  16  3 2 1100  101535
-1  1 4 1 1100  100121
-1  2 4 1 1100  100401
-1  3 4 1 1100  100121
-1  4 4 1 1100  100401
-1  5 4 1 1100  100121
-1  6 4 1 1100  100401
-1  7 4 1 1100  100121
-1  8 4 1 1100  100401
-1  9 4 1 1100  100121
-1  10  4 1 1100  100401
-1  11  4 1 1100  100121
-1  12  4 1 1100  100401
-1  13  4 1 1100  100464
-1  14  4 1 1100  100464
-1  15  4 1 1100  100464
-1  15  4 2 1100  100464
-1  16  4 1 1100  100464
-1  16  4 2 1100  100464
-1  1 5 1 1100  100210
-1  2 5 1 1100  100211
-1  3 5 1 1100  100210
-1  4 5 1 1100  100211
-1  5 5 1 1100  100210
-1  6 5 1 1100  100211
-1  7 5 1 1100  100210
-1  8 5 1 1100  100211
-1  9 5 1 1100  100210
-1  10  5 1 1100  100211
-1  11  5 1 1100  100210
-1  12  5 1 1100  100211
-1  13  5 1 1100  100237
-1  14  5 1 1100  100237
-1  15  5 1 1100  100237
-1  15  5 2 1100  100237
-1  16  5 1 1100  100237
-1  16  5 2 1100  100237
-1  1 6 1 1100  999991
-1  2 6 1 1100  999991
-1  3 6 1 1100  999991
-1  4 6 1 1100  999991
-1  5 6 1 1100  999991
-1  6 6 1 1100  999991
-1  7 6 1 1100  999991
-1  8 6 1 1100  999991
-1  9 6 1 1100  999991
-1  10  6 1 1100  999991
-1  11  6 1 1100  999991
-1  12  6 1 1100  999991
-1  13  6 1 1100  999991
-1  14  6 1 1100  999991
-1  15  6 1 1100  999991
-1  15  6 2 1100  999991
-1  16  6 1 1100  999991
-1  16  6 2 1100  999991
-1  1 7 1 1100  100106
-1  2 7 1 1100  100105
-1  3 7 1 1100  100106
-1  4 7 1 1100  100105
-1  5 7 1 1100  100106
-1  6 7 1 1100  100105
-1  7 7 1 1100  100106
-1  8 7 1 1100  100105
-1  9 7 1 1100  100106
-1  10  7 1 1100  100105
-1  11  7 1 1100  100106
-1  12  7 1 1100  100105
-1  13  7 1 1100  100104
-1  14  7 1 1100  100104
-1  15  7 1 1100  100104
-1  15  7 2 1100  100104
-1  16  7 1 1100  100104
-1  16  7 2 1100  100104
-1  1 8 1 1100  100180
-1  2 8 1 1100  100307
-1  3 8 1 1100  100180
-1  4 8 1 1100  100307
-1  5 8 1 1100  100180
-1  6 8 1 1100  100307
-1  7 8 1 1100  100180
-1  8 8 1 1100  100307
-1  9 8 1 1100  100180
-1  10  8 1 1100  100307
-1  11  8 1 1100  100180
-1  12  8 1 1100  100307
-1  13  8 1 1100  101540
-1  14  8 1 1100  101540
-1  15  8 1 1100  101540
-1  15  8 2 1100  101540
-1  16  8 1 1100  101540
-1  16  8 2 1100  101540
-1  1 9 1 1100  101606
-1  2 9 1 1100  100503
-1  3 9 1 1100  101606
-1  4 9 1 1100  100503
-1  5 9 1 1100  101606
-1  6 9 1 1100  100503
-1  7 9 1 1100  101606
-1  8 9 1 1100  100503
-1  9 9 1 1100  101606
-1  10  9 1 1100  100503
-1  11  9 1 1100  101606
-1  12  9 1 1100  100503
-1  13  9 1 1100  101488
-1  14  9 1 1100  101488
-1  15  9 1 1100  101488
-1  15  9 2 1100  101488
-1  16  9 1 1100  101488
-1  16  9 2 1100  101488
-1  1 10  1 1100  100879
-1  2 10  1 1100  100319
-1  3 10  1 1100  100879
-1  4 10  1 1100  100319
-1  5 10  1 1100  100879
-1  6 10  1 1100  100319
-1  7 10  1 1100  100879
-1  8 10  1 1100  100319
-1  9 10  1 1100  100879
-1  10  10  1 1100  100319
-1  11  10  1 1100  100879
-1  12  10  1 1100  100319
-1  13  10  1 1100  100664
-1  14  10  1 1100  100664
-1  15  10  1 1100  100664
-1  15  10  2 1100  100664
-1  16  10  1 1100  100664
-1  16  10  2 1100  100664
-1  1 11  1 1102  100078
-1  2 11  1 1102  100755
-1  3 11  1 1102  100078
-1  4 11  1 1102  100755
-1  5 11  1 1102  100078
-1  6 11  1 1102  100755
-1  7 11  1 1102  100078
-1  8 11  1 1102  100755
-1  9 11  1 1102  100078
-1  10  11  1 1102  100755
-1  11  11  1 1102  100078
-1  12  11  1 1102  100755
-1  13  11  1 1102  101499
-1  14  11  1 1102  101499
-1  15  11  1 1102  101499
-1  15  11  2 1102  101499
-1  16  11  1 1102  101499
-1  16  11  2 1102  101499
-1  1 12  1 1102  100116
-1  2 12  1 1102  100293
-1  3 12  1 1102  100116
-1  4 12  1 1102  100293
-1  5 12  1 1102  100116
-1  6 12  1 1102  100293
-1  7 12  1 1102  100116
-1  8 12  1 1102  100293
-1  9 12  1 1102  100116
-1  10  12  1 1102  100293
-1  11  12  1 1102  100116
-1  12  12  1 1102  100293
-1  13  12  1 1102  100830
-1  14  12  1 1102  100830
-1  15  12  1 1102  100830
-1  15  12  2 1102  100830
-1  16  12  1 1102  100830
-1  16  12  2 1102  100830
-1  1 13  1 1102  101953
-1  2 13  1 1102  101958
-1  3 13  1 1102  101953
-1  4 13  1 1102  101958
-1  5 13  1 1102  101953
-1  6 13  1 1102  101958
-1  7 13  1 1102  101953
-1  8 13  1 1102  101958
-1  9 13  1 1102  101953
-1  10  13  1 1102  101958
-1  11  13  1 1102  101953
-1  12  13  1 1102  101958
-1  13  13  1 1102  103012
-1  14  13  1 1102  103012
-1  15  13  1 1102  103012
-1  15  13  2 1102  103012
-1  16  13  1 1102  103012
-1  16  13  2 1102  103012
-1  1 14  1 1102  100605
-1  2 14  1 1102  100700
-1  3 14  1 1102  100605
-1  4 14  1 1102  100700
-1  5 14  1 1102  100605
-1  6 14  1 1102  100700
-1  7 14  1 1102  100605
-1  8 14  1 1102  100700
-1  9 14  1 1102  100605
-1  10  14  1 1102  100700
-1  11  14  1 1102  100605
-1  12  14  1 1102  100700
-1  13  14  1 1102  100853
-1  14  14  1 1102  100853
-1  15  14  1 1102  100853
-1  15  14  2 1102  100853
-1  16  14  1 1102  100853
-1  16  14  2 1102  100853
-1  1 15  1 1102  100641
-1  2 15  1 1102  100507
-1  3 15  1 1102  100641
-1  4 15  1 1102  100507
-1  5 15  1 1102  100641
-1  6 15  1 1102  100507
-1  7 15  1 1102  100641
-1  8 15  1 1102  100507
-1  9 15  1 1102  100641
-1  10  15  1 1102  100507
-1  11  15  1 1102  100641
-1  12  15  1 1102  100507
-1  13  15  1 1102  100645
-1  14  15  1 1102  100645
-1  15  15  1 1102  100645
-1  15  15  2 1102  100645
-1  16  15  1 1102  100645
-1  16  15  2 1102  100645
-1  1 16  1 1102  100579
-1  2 16  1 1102  100702
-1  3 16  1 1102  100579
-1  4 16  1 1102  100702
-1  5 16  1 1102  100579
-1  6 16  1 1102  100702
-1  7 16  1 1102  100579
-1  8 16  1 1102  100702
-1  9 16  1 1102  100579
-1  10  16  1 1102  100702
-1  11  16  1 1102  100579
-1  12  16  1 1102  100702
-1  13  16  1 1102  101476
-1  14  16  1 1102  101476
-1  15  16  1 1102  101476
-1  15  16  2 1102  101476
-1  16  16  1 1102  101476
-1  16  16  2 1102  101476
-1  1 17  1 1102  999991
-1  2 17  1 1102  100171
-1  3 17  1 1102  999991
-1  4 17  1 1102  100171
-1  5 17  1 1102  999991
-1  6 17  1 1102  100171
-1  7 17  1 1102  999991
-1  8 17  1 1102  100171
-1  9 17  1 1102  999991
-1  10  17  1 1102  100171
-1  11  17  1 1102  999991
-1  12  17  1 1102  100171
-1  13  17  1 1102  100204
-1  14  17  1 1102  100204
-1  15  17  1 1102  100204
-1  15  17  2 1102  100204
-1  16  17  1 1102  100204
-1  16  17  2 1102  100204
-1  1 18  1 1102  100462
-1  2 18  1 1102  100678
-1  3 18  1 1102  100462
-1  4 18  1 1102  100678
-1  5 18  1 1102  100462
-1  6 18  1 1102  100678
-1  7 18  1 1102  100462
-1  8 18  1 1102  100678
-1  9 18  1 1102  100462
-1  10  18  1 1102  100678
-1  11  18  1 1102  100462
-1  12  18  1 1102  100678
-1  13  18  1 1102  100562
-1  14  18  1 1102  100562
-1  15  18  1 1102  100562
-1  15  18  2 1102  100562
-1  16  18  1 1102  100562
-1  16  18  2 1102  100562
-1  1 19  1 1104  100194
-1  2 19  1 1104  100196
-1  3 19  1 1104  100194
-1  4 19  1 1104  100196
-1  5 19  1 1104  100194
-1  6 19  1 1104  100196
-1  7 19  1 1104  100194
-1  8 19  1 1104  100196
-1  9 19  1 1104  100194
-1  10  19  1 1104  100196
-1  11  19  1 1104  100194
-1  12  19  1 1104  100196
-1  13  19  1 1104  100198
-1  14  19  1 1104  100198
-1  15  19  1 1104  100198
-1  15  19  2 1104  100198
-1  16  19  1 1104  100198
-1  16  19  2 1104  100198
-1  1 20  1 1104  100027
-1  2 20  1 1104  100021
-1  3 20  1 1104  100027
-1  4 20  1 1104  100021
-1  5 20  1 1104  100027
-1  6 20  1 1104  100021
-1  7 20  1 1104  100027
-1  8 20  1 1104  100021
-1  9 20  1 1104  100027
-1  10  20  1 1104  100021
-1  11  20  1 1104  100027
-1  12  20  1 1104  100021
-1  13  20  1 1104  100020
-1  14  20  1 1104  100020
-1  15  20  1 1104  100020
-1  15  20  2 1104  100020
-1  16  20  1 1104  100020
-1  16  20  2 1104  100020
-1  1 21  1 1104  100317
-1  2 21  1 1104  101578
-1  3 21  1 1104  100317
-1  4 21  1 1104  101578
-1  5 21  1 1104  100317
-1  6 21  1 1104  101578
-1  7 21  1 1104  100317
-1  8 21  1 1104  101578
-1  9 21  1 1104  100317
-1  10  21  1 1104  101578
-1  11  21  1 1104  100317
-1  12  21  1 1104  101578
-1  13  21  1 1104  100594
-1  14  21  1 1104  100594
-1  15  21  1 1104  100594
-1  15  21  2 1104  100594
-1  16  21  1 1104  100594
-1  16  21  2 1104  100594
-1  1 22  1 1104  100431
-1  2 22  1 1104  100719
-1  3 22  1 1104  100431
-1  4 22  1 1104  100719
-1  5 22  1 1104  100431
-1  6 22  1 1104  100719
-1  7 22  1 1104  100431
-1  8 22  1 1104  100719
-1  9 22  1 1104  100431
-1  10  22  1 1104  100719
-1  11  22  1 1104  100431
-1  12  22  1 1104  100719
-1  13  22  1 1104  101480
-1  14  22  1 1104  101480
-1  15  22  1 1104  101480
-1  15  22  2 1104  101480
-1  16  22  1 1104  101480
-1  16  22  2 1104  101480
-1  1 23  1 1104  100385
-1  2 23  1 1104  100304
-1  3 23  1 1104  100385
-1  4 23  1 1104  100304
-1  5 23  1 1104  100385
-1  6 23  1 1104  100304
-1  7 23  1 1104  100385
-1  8 23  1 1104  100304
-1  9 23  1 1104  100385
-1  10  23  1 1104  100304
-1  11  23  1 1104  100385
-1  12  23  1 1104  100304
-1  13  23  1 1104  100334
-1  14  23  1 1104  100334
-1  15  23  1 1104  100334
-1  15  23  2 1104  100334
-1  16  23  1 1104  100334
-1  16  23  2 1104  100334
-1  1 24  1 1104  100039
-1  2 24  1 1104  100434
-1  3 24  1 1104  100039
-1  4 24  1 1104  100434
-1  5 24  1 1104  100039
-1  6 24  1 1104  100434
-1  7 24  1 1104  100039
-1  8 24  1 1104  100434
-1  9 24  1 1104  100039
-1  10  24  1 1104  100434
-1  11  24  1 1104  100039
-1  12  24  1 1104  100434
-1  13  24  1 1104  100586
-1  14  24  1 1104  100586
-1  15  24  1 1104  100586
-1  15  24  2 1104  100586
-1  16  24  1 1104  100586
-1  16  24  2 1104  100586
-1  1 25  1 1104  100658
-1  2 25  1 1104  100661
-1  3 25  1 1104  100658
-1  4 25  1 1104  100661
-1  5 25  1 1104  100658
-1  6 25  1 1104  100661
-1  7 25  1 1104  100658
-1  8 25  1 1104  100661
-1  9 25  1 1104  100658
-1  10  25  1 1104  100661
-1  11  25  1 1104  100658
-1  12  25  1 1104  100661
-1  13  25  1 1104  100656
-1  14  25  1 1104  100656
-1  15  25  1 1104  100656
-1  15  25  2 1104  100656
-1  16  25  1 1104  100656
-1  16  25  2 1104  100656
-1  1 26  1 1104  100880
-1  2 26  1 1104  100361
-1  3 26  1 1104  100880
-1  4 26  1 1104  100361
-1  5 26  1 1104  100880
-1  6 26  1 1104  100361
-1  7 26  1 1104  100880
-1  8 26  1 1104  100361
-1  9 26  1 1104  100880
-1  10  26  1 1104  100361
-1  11  26  1 1104  100880
-1  12  26  1 1104  100361
-1  13  26  1 1104  103020
-1  14  26  1 1104  103020
-1  15  26  1 1104  103020
-1  15  26  2 1104  103020
-1  16  26  1 1104  103020
-1  16  26  2 1104  103020
-1  1 27  1 1106  999991
-1  2 27  1 1106  999991
-1  3 27  1 1106  999991
-1  4 27  1 1106  999991
-1  5 27  1 1106  999991
-1  6 27  1 1106  999991
-1  7 27  1 1106  999991
-1  8 27  1 1106  999991
-1  9 27  1 1106  999991
-1  10  27  1 1106  999991
-1  11  27  1 1106  999991
-1  12  27  1 1106  999991
-1  13  27  1 1106  999991
-1  14  27  1 1106  999991
-1  15  27  1 1106  999991
-1  15  27  2 1106  999991
-1  16  27  1 1106  999991
-1  16  27  2 1106  999991
-1  1 28  1 1106  101009
-1  2 28  1 1106  100982
-1  3 28  1 1106  101009
-1  4 28  1 1106  100982
-1  5 28  1 1106  101009
-1  6 28  1 1106  100982
-1  7 28  1 1106  101009
-1  8 28  1 1106  100982
-1  9 28  1 1106  101009
-1  10  28  1 1106  100982
-1  11  28  1 1106  101009
-1  12  28  1 1106  100982
-1  13  28  1 1106  100971
-1  14  28  1 1106  100971
-1  15  28  1 1106  100971
-1  15  28  2 1106  100971
-1  16  28  1 1106  100971
-1  16  28  2 1106  100971
-1  1 29  1 1106  103016
-1  2 29  1 1106  101959
-1  3 29  1 1106  103016
-1  4 29  1 1106  101959
-1  5 29  1 1106  103016
-1  6 29  1 1106  101959
-1  7 29  1 1106  103016
-1  8 29  1 1106  101959
-1  9 29  1 1106  103016
-1  10  29  1 1106  101959
-1  11  29  1 1106  103016
-1  12  29  1 1106  101959
-1  13  29  1 1106  103015
-1  14  29  1 1106  103015
-1  15  29  1 1106  103015
-1  15  29  2 1106  103015
-1  16  29  1 1106  103015
-1  16  29  2 1106  103015
-1  1 30  1 1106  999991
-1  2 30  1 1106  999991
-1  3 30  1 1106  999991
-1  4 30  1 1106  999991
-1  5 30  1 1106  999991
-1  6 30  1 1106  999991
-1  7 30  1 1106  999991
-1  8 30  1 1106  999991
-1  9 30  1 1106  999991
-1  10  30  1 1106  999991
-1  11  30  1 1106  999991
-1  12  30  1 1106  999991
-1  13  30  1 1106  999991
-1  14  30  1 1106  999991
-1  15  30  1 1106  999991
-1  15  30  2 1106  999991
-1  16  30  1 1106  999991
-1  16  30  2 1106  999991
-1  1 31  1 1106  101420
-1  2 31  1 1106  100835
-1  3 31  1 1106  101420
-1  4 31  1 1106  100835
-1  5 31  1 1106  101420
-1  6 31  1 1106  100835
-1  7 31  1 1106  101420
-1  8 31  1 1106  100835
-1  9 31  1 1106  101420
-1  10  31  1 1106  100835
-1  11  31  1 1106  101420
-1  12  31  1 1106  100835
-1  13  31  1 1106  100374
-1  14  31  1 1106  100374
-1  15  31  1 1106  100374
-1  15  31  2 1106  100374
-1  16  31  1 1106  100374
-1  16  31  2 1106  100374
-1  1 32  1 1106  100285
-1  2 32  1 1106  100060
-1  3 32  1 1106  100285
-1  4 32  1 1106  100060
-1  5 32  1 1106  100285
-1  6 32  1 1106  100060
-1  7 32  1 1106  100285
-1  8 32  1 1106  100060
-1  9 32  1 1106  100285
-1  10  32  1 1106  100060
-1  11  32  1 1106  100285
-1  12  32  1 1106  100060
-1  13  32  1 1106  100679
-1  14  32  1 1106  100679
-1  15  32  1 1106  100679
-1  15  32  2 1106  100679
-1  16  32  1 1106  100679
-1  16  32  2 1106  100679
-1  1 33  1 1106  100154
-1  2 33  1 1106  100340
-1  3 33  1 1106  100154
-1  4 33  1 1106  100340
-1  5 33  1 1106  100154
-1  6 33  1 1106  100340
-1  7 33  1 1106  100154
-1  8 33  1 1106  100340
-1  9 33  1 1106  100154
-1  10  33  1 1106  100340
-1  11  33  1 1106  100154
-1  12  33  1 1106  100340
-1  13  33  1 1106  101574
-1  14  33  1 1106  101574
-1  15  33  1 1106  101574
-1  15  33  2 1106  101574
-1  16  33  1 1106  101574
-1  16  33  2 1106  101574
-1  1 34  1 1106  100032
-1  2 34  1 1106  100308
-1  3 34  1 1106  100032
-1  4 34  1 1106  100308
-1  5 34  1 1106  100032
-1  6 34  1 1106  100308
-1  7 34  1 1106  100032
-1  8 34  1 1106  100308
-1  9 34  1 1106  100032
-1  10  34  1 1106  100308
-1  11  34  1 1106  100032
-1  12  34  1 1106  100308
-1  13  34  1 1106  100123
-1  14  34  1 1106  100123
-1  15  34  1 1106  100123
-1  15  34  2 1106  100123
-1  16  34  1 1106  100123
-1  16  34  2 1106  100123
-1  1 35  1 1108  100065
-1  2 35  1 1108  100066
-1  3 35  1 1108  100065
-1  4 35  1 1108  100066
-1  5 35  1 1108  100065
-1  6 35  1 1108  100066
-1  7 35  1 1108  100065
-1  8 35  1 1108  100066
-1  9 35  1 1108  100065
-1  10  35  1 1108  100066
-1  11  35  1 1108  100065
-1  12  35  1 1108  100066
-1  13  35  1 1108  100089
-1  14  35  1 1108  100089
-1  15  35  1 1108  100089
-1  15  35  2 1108  100089
-1  16  35  1 1108  100089
-1  16  35  2 1108  100089
-1  1 36  1 1108  100453
-1  2 36  1 1108  101513
-1  3 36  1 1108  100453
-1  4 36  1 1108  101513
-1  5 36  1 1108  100453
-1  6 36  1 1108  101513
-1  7 36  1 1108  100453
-1  8 36  1 1108  101513
-1  9 36  1 1108  100453
-1  10  36  1 1108  101513
-1  11  36  1 1108  100453
-1  12  36  1 1108  101513
-1  13  36  1 1108  100635
-1  14  36  1 1108  100635
-1  15  36  1 1108  100635
-1  15  36  2 1108  100635
-1  16  36  1 1108  100635
-1  16  36  2 1108  100635
-1  1 37  1 1108  100493
-1  2 37  1 1108  100456
-1  3 37  1 1108  100493
-1  4 37  1 1108  100456
-1  5 37  1 1108  100493
-1  6 37  1 1108  100456
-1  7 37  1 1108  100493
-1  8 37  1 1108  100456
-1  9 37  1 1108  100493
-1  10  37  1 1108  100456
-1  11  37  1 1108  100493
-1  12  37  1 1108  100456
-1  13  37  1 1108  100476
-1  14  37  1 1108  100476
-1  15  37  1 1108  100476
-1  15  37  2 1108  100476
-1  16  37  1 1108  100476
-1  16  37  2 1108  100476
-1  1 38  1 1108  100510
-1  2 38  1 1108  100498
-1  3 38  1 1108  100510
-1  4 38  1 1108  100498
-1  5 38  1 1108  100510
-1  6 38  1 1108  100498
-1  7 38  1 1108  100510
-1  8 38  1 1108  100498
-1  9 38  1 1108  100510
-1  10  38  1 1108  100498
-1  11  38  1 1108  100510
-1  12  38  1 1108  100498
-1  13  38  1 1108  100301
-1  14  38  1 1108  100301
-1  15  38  1 1108  100301
-1  15  38  2 1108  100301
-1  16  38  1 1108  100301
-1  16  38  2 1108  100301
-1  1 39  1 1108  999991
-1  2 39  1 1108  999991
-1  3 39  1 1108  999991
-1  4 39  1 1108  999991
-1  5 39  1 1108  999991
-1  6 39  1 1108  999991
-1  7 39  1 1108  999991
-1  8 39  1 1108  999991
-1  9 39  1 1108  999991
-1  10  39  1 1108  999991
-1  11  39  1 1108  999991
-1  12  39  1 1108  999991
-1  13  39  1 1108  999991
-1  14  39  1 1108  999991
-1  15  39  1 1108  999991
-1  15  39  2 1108  999991
-1  16  39  1 1108  999991
-1  16  39  2 1108  999991
-1  1 40  1 1108  999991
-1  2 40  1 1108  999991
-1  3 40  1 1108  999991
-1  4 40  1 1108  999991
-1  5 40  1 1108  999991
-1  6 40  1 1108  999991
-1  7 40  1 1108  999991
-1  8 40  1 1108  999991
-1  9 40  1 1108  999991
-1  10  40  1 1108  999991
-1  11  40  1 1108  999991
-1  12  40  1 1108  999991
-1  13  40  1 1108  999991
-1  14  40  1 1108  999991
-1  15  40  1 1108  999991
-1  15  40  2 1108  999991
-1  16  40  1 1108  999991
-1  16  40  2 1108  999991
-1  1 41  1 1108  100991
-1  2 41  1 1108  101001
-1  3 41  1 1108  100991
-1  4 41  1 1108  101001
-1  5 41  1 1108  100991
-1  6 41  1 1108  101001
-1  7 41  1 1108  100991
-1  8 41  1 1108  101001
-1  9 41  1 1108  100991
-1  10  41  1 1108  101001
-1  11  41  1 1108  100991
-1  12  41  1 1108  101001
-1  13  41  1 1108  100983
-1  14  41  1 1108  100983
-1  15  41  1 1108  100983
-1  15  41  2 1108  100983
-1  16  41  1 1108  100983
-1  16  41  2 1108  100983
-1  1 42  1 1108  101613
-1  2 42  1 1108  100351
-1  3 42  1 1108  101613
-1  4 42  1 1108  100351
-1  5 42  1 1108  101613
-1  6 42  1 1108  100351
-1  7 42  1 1108  101613
-1  8 42  1 1108  100351
-1  9 42  1 1108  101613
-1  10  42  1 1108  100351
-1  11  42  1 1108  101613
-1  12  42  1 1108  100351
-1  13  42  1 1108  100648
-1  14  42  1 1108  100648
-1  15  42  1 1108  100648
-1  15  42  2 1108  100648
-1  16  42  1 1108  100648
-1  16  42  2 1108  100648
-1  1 43  1 1110  101436
-1  2 43  1 1110  100074
-1  3 43  1 1110  101436
-1  4 43  1 1110  100074
-1  5 43  1 1110  101436
-1  6 43  1 1110  100074
-1  7 43  1 1110  101436
-1  8 43  1 1110  100074
-1  9 43  1 1110  101436
-1  10  43  1 1110  100074
-1  11  43  1 1110  101436
-1  12  43  1 1110  100074
-1  13  43  1 1110  100448
-1  14  43  1 1110  100448
-1  15  43  1 1110  100448
-1  15  43  2 1110  100448
-1  16  43  1 1110  100448
-1  16  43  2 1110  100448
-1  1 44  1 1110  100170
-1  2 44  1 1110  100785
-1  3 44  1 1110  100170
-1  4 44  1 1110  100785
-1  5 44  1 1110  100170
-1  6 44  1 1110  100785
-1  7 44  1 1110  100170
-1  8 44  1 1110  100785
-1  9 44  1 1110  100170
-1  10  44  1 1110  100785
-1  11  44  1 1110  100170
-1  12  44  1 1110  100785
-1  13  44  1 1110  100130
-1  14  44  1 1110  100130
-1  15  44  1 1110  100130
-1  15  44  2 1110  100130
-1  16  44  1 1110  100130
-1  16  44  2 1110  100130
-1  1 45  1 1110  100718
-1  2 45  1 1110  100709
-1  3 45  1 1110  100718
-1  4 45  1 1110  100709
-1  5 45  1 1110  100718
-1  6 45  1 1110  100709
-1  7 45  1 1110  100718
-1  8 45  1 1110  100709
-1  9 45  1 1110  100718
-1  10  45  1 1110  100709
-1  11  45  1 1110  100718
-1  12  45  1 1110  100709
-1  13  45  1 1110  100722
-1  14  45  1 1110  100722
-1  15  45  1 1110  100722
-1  15  45  2 1110  100722
-1  16  45  1 1110  100722
-1  16  45  2 1110  100722
-1  1 46  1 1110  100429
-1  2 46  1 1110  100737
-1  3 46  1 1110  100429
-1  4 46  1 1110  100737
-1  5 46  1 1110  100429
-1  6 46  1 1110  100737
-1  7 46  1 1110  100429
-1  8 46  1 1110  100737
-1  9 46  1 1110  100429
-1  10  46  1 1110  100737
-1  11  46  1 1110  100429
-1  12  46  1 1110  100737
-1  13  46  1 1110  100899
-1  14  46  1 1110  100899
-1  15  46  1 1110  100899
-1  15  46  2 1110  100899
-1  16  46  1 1110  100899
-1  16  46  2 1110  100899
-1  1 47  1 1110  100790
-1  2 47  1 1110  100540
-1  3 47  1 1110  100790
-1  4 47  1 1110  100540
-1  5 47  1 1110  100790
-1  6 47  1 1110  100540
-1  7 47  1 1110  100790
-1  8 47  1 1110  100540
-1  9 47  1 1110  100790
-1  10  47  1 1110  100540
-1  11  47  1 1110  100790
-1  12  47  1 1110  100540
-1  13  47  1 1110  101597
-1  14  47  1 1110  101597
-1  15  47  1 1110  101597
-1  15  47  2 1110  101597
-1  16  47  1 1110  101597
-1  16  47  2 1110  101597
-1  1 48  1 1110  100563
-1  2 48  1 1110  101604
-1  3 48  1 1110  100563
-1  4 48  1 1110  101604
-1  5 48  1 1110  100563
-1  6 48  1 1110  101604
-1  7 48  1 1110  100563
-1  8 48  1 1110  101604
-1  9 48  1 1110  100563
-1  10  48  1 1110  101604
-1  11  48  1 1110  100563
-1  12  48  1 1110  101604
-1  13  48  1 1110  101611
-1  14  48  1 1110  101611
-1  15  48  1 1110  101611
-1  15  48  2 1110  101611
-1  16  48  1 1110  101611
-1  16  48  2 1110  101611
-1  1 49  1 1110  101456
-1  2 49  1 1110  100303
-1  3 49  1 1110  101456
-1  4 49  1 1110  100303
-1  5 49  1 1110  101456
-1  6 49  1 1110  100303
-1  7 49  1 1110  101456
-1  8 49  1 1110  100303
-1  9 49  1 1110  101456
-1  10  49  1 1110  100303
-1  11  49  1 1110  101456
-1  12  49  1 1110  100303
-1  13  49  1 1110  100701
-1  14  49  1 1110  100701
-1  15  49  1 1110  100701
-1  15  49  2 1110  100701
-1  16  49  1 1110  100701
-1  16  49  2 1110  100701
-1  1 50  1 1110  100142
-1  2 50  1 1110  100878
-1  3 50  1 1110  100142
-1  4 50  1 1110  100878
-1  5 50  1 1110  100142
-1  6 50  1 1110  100878
-1  7 50  1 1110  100142
-1  8 50  1 1110  100878
-1  9 50  1 1110  100142
-1  10  50  1 1110  100878
-1  11  50  1 1110  100142
-1  12  50  1 1110  100878
-1  13  50  1 1110  101413
-1  14  50  1 1110  101413
-1  15  50  1 1110  101413
-1  15  50  2 1110  101413
-1  16  50  1 1110  101413
-1  16  50  2 1110  101413
-1  1 51  1 1112  100203
-1  2 51  1 1112  100209
-1  3 51  1 1112  100203
-1  4 51  1 1112  100209
-1  5 51  1 1112  100203
-1  6 51  1 1112  100209
-1  7 51  1 1112  100203
-1  8 51  1 1112  100209
-1  9 51  1 1112  100203
-1  10  51  1 1112  100209
-1  11  51  1 1112  100203
-1  12  51  1 1112  100209
-1  13  51  1 1112  100306
-1  14  51  1 1112  100306
-1  15  51  1 1112  100306
-1  15  51  2 1112  100306
-1  16  51  1 1112  100306
-1  16  51  2 1112  100306
-1  1 52  1 1112  100108
-1  2 52  1 1112  100197
-1  3 52  1 1112  100108
-1  4 52  1 1112  100197
-1  5 52  1 1112  100108
-1  6 52  1 1112  100197
-1  7 52  1 1112  100108
-1  8 52  1 1112  100197
-1  9 52  1 1112  100108
-1  10  52  1 1112  100197
-1  11  52  1 1112  100108
-1  12  52  1 1112  100197
-1  13  52  1 1112  100187
-1  14  52  1 1112  100187
-1  15  52  1 1112  100187
-1  15  52  2 1112  100187
-1  16  52  1 1112  100187
-1  16  52  2 1112  100187
-1  1 53  1 1112  100345
-1  2 53  1 1112  100417
-1  3 53  1 1112  100345
-1  4 53  1 1112  100417
-1  5 53  1 1112  100345
-1  6 53  1 1112  100417
-1  7 53  1 1112  100345
-1  8 53  1 1112  100417
-1  9 53  1 1112  100345
-1  10  53  1 1112  100417
-1  11  53  1 1112  100345
-1  12  53  1 1112  100417
-1  13  53  1 1112  100413
-1  14  53  1 1112  100413
-1  15  53  1 1112  100413
-1  15  53  2 1112  100413
-1  16  53  1 1112  100413
-1  16  53  2 1112  100413
-1  1 54  1 1112  100202
-1  2 54  1 1112  100297
-1  3 54  1 1112  100202
-1  4 54  1 1112  100297
-1  5 54  1 1112  100202
-1  6 54  1 1112  100297
-1  7 54  1 1112  100202
-1  8 54  1 1112  100297
-1  9 54  1 1112  100202
-1  10  54  1 1112  100297
-1  11  54  1 1112  100202
-1  12  54  1 1112  100297
-1  13  54  1 1112  100299
-1  14  54  1 1112  100299
-1  15  54  1 1112  100299
-1  15  54  2 1112  100299
-1  16  54  1 1112  100299
-1  16  54  2 1112  100299
-1  1 55  1 1112  100854
-1  2 55  1 1112  100145
-1  3 55  1 1112  100854
-1  4 55  1 1112  100145
-1  5 55  1 1112  100854
-1  6 55  1 1112  100145
-1  7 55  1 1112  100854
-1  8 55  1 1112  100145
-1  9 55  1 1112  100854
-1  10  55  1 1112  100145
-1  11  55  1 1112  100854
-1  12  55  1 1112  100145
-1  13  55  1 1112  100602
-1  14  55  1 1112  100602
-1  15  55  1 1112  100602
-1  15  55  2 1112  100602
-1  16  55  1 1112  100602
-1  16  55  2 1112  100602
-1  1 56  1 1112  100051
-1  2 56  1 1112  100290
-1  3 56  1 1112  100051
-1  4 56  1 1112  100290
-1  5 56  1 1112  100051
-1  6 56  1 1112  100290
-1  7 56  1 1112  100051
-1  8 56  1 1112  100290
-1  9 56  1 1112  100051
-1  10  56  1 1112  100290
-1  11  56  1 1112  100051
-1  12  56  1 1112  100290
-1  13  56  1 1112  100260
-1  14  56  1 1112  100260
-1  15  56  1 1112  100260
-1  15  56  2 1112  100260
-1  16  56  1 1112  100260
-1  16  56  2 1112  100260
-1  1 57  1 1112  100799
-1  2 57  1 1112  100034
-1  3 57  1 1112  100799
-1  4 57  1 1112  100034
-1  5 57  1 1112  100799
-1  6 57  1 1112  100034
-1  7 57  1 1112  100799
-1  8 57  1 1112  100034
-1  9 57  1 1112  100799
-1  10  57  1 1112  100034
-1  11  57  1 1112  100799
-1  12  57  1 1112  100034
-1  13  57  1 1112  100033
-1  14  57  1 1112  100033
-1  15  57  1 1112  100033
-1  15  57  2 1112  100033
-1  16  57  1 1112  100033
-1  16  57  2 1112  100033
-1  1 58  1 1112  100731
-1  2 58  1 1112  101507
-1  3 58  1 1112  100731
-1  4 58  1 1112  101507
-1  5 58  1 1112  100731
-1  6 58  1 1112  101507
-1  7 58  1 1112  100731
-1  8 58  1 1112  101507
-1  9 58  1 1112  100731
-1  10  58  1 1112  101507
-1  11  58  1 1112  100731
-1  12  58  1 1112  101507
-1  13  58  1 1112  100113
-1  14  58  1 1112  100113
-1  15  58  1 1112  100113
-1  15  58  2 1112  100113
-1  16  58  1 1112  100113
-1  16  58  2 1112  100113
-1  1 59  1 1114  100174
-1  2 59  1 1114  100173
-1  3 59  1 1114  100174
-1  4 59  1 1114  100173
-1  5 59  1 1114  100174
-1  6 59  1 1114  100173
-1  7 59  1 1114  100174
-1  8 59  1 1114  100173
-1  9 59  1 1114  100174
-1  10  59  1 1114  100173
-1  11  59  1 1114  100174
-1  12  59  1 1114  100173
-1  13  59  1 1114  100172
-1  14  59  1 1114  100172
-1  15  59  1 1114  100172
-1  15  59  2 1114  100172
-1  16  59  1 1114  100172
-1  16  59  2 1114  100172
-1  1 60  1 1114  100343
-1  2 60  1 1114  100346
-1  3 60  1 1114  100343
-1  4 60  1 1114  100346
-1  5 60  1 1114  100343
-1  6 60  1 1114  100346
-1  7 60  1 1114  100343
-1  8 60  1 1114  100346
-1  9 60  1 1114  100343
-1  10  60  1 1114  100346
-1  11  60  1 1114  100343
-1  12  60  1 1114  100346
-1  13  60  1 1114  100347
-1  14  60  1 1114  100347
-1  15  60  1 1114  100347
-1  15  60  2 1114  100347
-1  16  60  1 1114  100347
-1  16  60  2 1114  100347
-1  1 61  1 1114  101453
-1  2 61  1 1114  100822
-1  3 61  1 1114  101453
-1  4 61  1 1114  100822
-1  5 61  1 1114  101453
-1  6 61  1 1114  100822
-1  7 61  1 1114  101453
-1  8 61  1 1114  100822
-1  9 61  1 1114  101453
-1  10  61  1 1114  100822
-1  11  61  1 1114  101453
-1  12  61  1 1114  100822
-1  13  61  1 1114  101473
-1  14  61  1 1114  101473
-1  15  61  1 1114  101473
-1  15  61  2 1114  101473
-1  16  61  1 1114  101473
-1  16  61  2 1114  101473
-1  1 62  1 1114  100200
-1  2 62  1 1114  100245
-1  3 62  1 1114  100200
-1  4 62  1 1114  100245
-1  5 62  1 1114  100200
-1  6 62  1 1114  100245
-1  7 62  1 1114  100200
-1  8 62  1 1114  100245
-1  9 62  1 1114  100200
-1  10  62  1 1114  100245
-1  11  62  1 1114  100200
-1  12  62  1 1114  100245
-1  13  62  1 1114  100199
-1  14  62  1 1114  100199
-1  15  62  1 1114  100199
-1  15  62  2 1114  100199
-1  16  62  1 1114  100199
-1  16  62  2 1114  100199
-1  1 63  1 1114  100723
-1  2 63  1 1114  100752
-1  3 63  1 1114  100723
-1  4 63  1 1114  100752
-1  5 63  1 1114  100723
-1  6 63  1 1114  100752
-1  7 63  1 1114  100723
-1  8 63  1 1114  100752
-1  9 63  1 1114  100723
-1  10  63  1 1114  100752
-1  11  63  1 1114  100723
-1  12  63  1 1114  100752
-1  13  63  1 1114  100740
-1  14  63  1 1114  100740
-1  15  63  1 1114  100740
-1  15  63  2 1114  100740
-1  16  63  1 1114  100740
-1  16  63  2 1114  100740
-1  1 64  1 1114  100407
-1  2 64  1 1114  100019
-1  3 64  1 1114  100407
-1  4 64  1 1114  100019
-1  5 64  1 1114  100407
-1  6 64  1 1114  100019
-1  7 64  1 1114  100407
-1  8 64  1 1114  100019
-1  9 64  1 1114  100407
-1  10  64  1 1114  100019
-1  11  64  1 1114  100407
-1  12  64  1 1114  100019
-1  13  64  1 1114  100548
-1  14  64  1 1114  100548
-1  15  64  1 1114  100548
-1  15  64  2 1114  100548
-1  16  64  1 1114  100548
-1  16  64  2 1114  100548
-1  1 65  1 1114  100736
-1  2 65  1 1114  100706
-1  3 65  1 1114  100736
-1  4 65  1 1114  100706
-1  5 65  1 1114  100736
-1  6 65  1 1114  100706
-1  7 65  1 1114  100736
-1  8 65  1 1114  100706
-1  9 65  1 1114  100736
-1  10  65  1 1114  100706
-1  11  65  1 1114  100736
-1  12  65  1 1114  100706
-1  13  65  1 1114  100735
-1  14  65  1 1114  100735
-1  15  65  1 1114  100735
-1  15  65  2 1114  100735
-1  16  65  1 1114  100735
-1  16  65  2 1114  100735
-1  1 66  1 1114  100715
-1  2 66  1 1114  100726
-1  3 66  1 1114  100715
-1  4 66  1 1114  100726
-1  5 66  1 1114  100715
-1  6 66  1 1114  100726
-1  7 66  1 1114  100715
-1  8 66  1 1114  100726
-1  9 66  1 1114  100715
-1  10  66  1 1114  100726
-1  11  66  1 1114  100715
-1  12  66  1 1114  100726
-1  13  66  1 1114  100721
-1  14  66  1 1114  100721
-1  15  66  1 1114  100721
-1  15  66  2 1114  100721
-1  16  66  1 1114  100721
-1  16  66  2 1114  100721
-1  1 67  1 1116  100974
-1  2 67  1 1116  100968
-1  3 67  1 1116  100974
-1  4 67  1 1116  100968
-1  5 67  1 1116  100974
-1  6 67  1 1116  100968
-1  7 67  1 1116  100974
-1  8 67  1 1116  100968
-1  9 67  1 1116  100974
-1  10  67  1 1116  100968
-1  11  67  1 1116  100974
-1  12  67  1 1116  100968
-1  13  67  1 1116  100964
-1  14  67  1 1116  100964
-1  15  67  1 1116  100964
-1  15  67  2 1116  100964
-1  16  67  1 1116  100964
-1  16  67  2 1116  100964
-1  1 68  1 1116  103007
-1  2 68  1 1116  103010
-1  3 68  1 1116  103007
-1  4 68  1 1116  103010
-1  5 68  1 1116  103007
-1  6 68  1 1116  103010
-1  7 68  1 1116  103007
-1  8 68  1 1116  103010
-1  9 68  1 1116  103007
-1  10  68  1 1116  103010
-1  11  68  1 1116  103007
-1  12  68  1 1116  103010
-1  13  68  1 1116  103009
-1  14  68  1 1116  103009
-1  15  68  1 1116  103009
-1  15  68  2 1116  103009
-1  16  68  1 1116  103009
-1  16  68  2 1116  103009
-1  1 69  1 1116  101438
-1  2 69  1 1116  101430
-1  3 69  1 1116  101438
-1  4 69  1 1116  101430
-1  5 69  1 1116  101438
-1  6 69  1 1116  101430
-1  7 69  1 1116  101438
-1  8 69  1 1116  101430
-1  9 69  1 1116  101438
-1  10  69  1 1116  101430
-1  11  69  1 1116  101438
-1  12  69  1 1116  101430
-1  13  69  1 1116  100552
-1  14  69  1 1116  100552
-1  15  69  1 1116  100552
-1  15  69  2 1116  100552
-1  16  69  1 1116  100552
-1  16  69  2 1116  100552
-1  1 70  1 1116  100003
-1  2 70  1 1116  100005
-1  3 70  1 1116  100003
-1  4 70  1 1116  100005
-1  5 70  1 1116  100003
-1  6 70  1 1116  100005
-1  7 70  1 1116  100003
-1  8 70  1 1116  100005
-1  9 70  1 1116  100003
-1  10  70  1 1116  100005
-1  11  70  1 1116  100003
-1  12  70  1 1116  100005
-1  13  70  1 1116  101411
-1  14  70  1 1116  101411
-1  15  70  1 1116  101411
-1  15  70  2 1116  101411
-1  16  70  1 1116  101411
-1  16  70  2 1116  101411
-1  1 71  1 1116  101452
-1  2 71  1 1116  100892
-1  3 71  1 1116  101452
-1  4 71  1 1116  100892
-1  5 71  1 1116  101452
-1  6 71  1 1116  100892
-1  7 71  1 1116  101452
-1  8 71  1 1116  100892
-1  9 71  1 1116  101452
-1  10  71  1 1116  100892
-1  11  71  1 1116  101452
-1  12  71  1 1116  100892
-1  13  71  1 1116  100551
-1  14  71  1 1116  100551
-1  15  71  1 1116  100551
-1  15  71  2 1116  100551
-1  16  71  1 1116  100551
-1  16  71  2 1116  100551
-1  1 72  1 1116  999991
-1  2 72  1 1116  999991
-1  3 72  1 1116  999991
-1  4 72  1 1116  999991
-1  5 72  1 1116  999991
-1  6 72  1 1116  999991
-1  7 72  1 1116  999991
-1  8 72  1 1116  999991
-1  9 72  1 1116  999991
-1  10  72  1 1116  999991
-1  11  72  1 1116  999991
-1  12  72  1 1116  999991
-1  13  72  1 1116  999991
-1  14  72  1 1116  999991
-1  15  72  1 1116  999991
-1  15  72  2 1116  999991
-1  16  72  1 1116  999991
-1  16  72  2 1116  999991
1 1 1 1 1117  100037
1 2 1 1 1117  100182
1 3 1 1 1117  100037
1 4 1 1 1117  100182
1 5 1 1 1117  100037
1 6 1 1 1117  100182
1 7 1 1 1117  100037
1 8 1 1 1117  100182
1 9 1 1 1117  100037
1 10  1 1 1117  100182
1 11  1 1 1117  100037
1 12  1 1 1117  100182
1 13  1 1 1117  100305
1 14  1 1 1117  100305
1 15  1 1 1117  100305
1 15  1 2 1117  100305
1 16  1 1 1117  100305
1 16  1 2 1117  100305
1 1 2 1 1117  100101
1 2 2 1 1117  100217
1 3 2 1 1117  100101
1 4 2 1 1117  100217
1 5 2 1 1117  100101
1 6 2 1 1117  100217
1 7 2 1 1117  100101
1 8 2 1 1117  100217
1 9 2 1 1117  100101
1 10  2 1 1117  100217
1 11  2 1 1117  100101
1 12  2 1 1117  100217
1 13  2 1 1117  100109
1 14  2 1 1117  100109
1 15  2 1 1117  100109
1 15  2 2 1117  100109
1 16  2 1 1117  100109
1 16  2 2 1117  100109
1 1 3 1 1101  100054
1 2 3 1 1101  100056
1 3 3 1 1101  100054
1 4 3 1 1101  100056
1 5 3 1 1101  100054
1 6 3 1 1101  100056
1 7 3 1 1101  100054
1 8 3 1 1101  100056
1 9 3 1 1101  100054
1 10  3 1 1101  100056
1 11  3 1 1101  100054
1 12  3 1 1101  100056
1 13  3 1 1101  100057
1 14  3 1 1101  100057
1 15  3 1 1101  100057
1 15  3 2 1101  100057
1 16  3 1 1101  100057
1 16  3 2 1101  100057
1 1 4 1 1101  100092
1 2 4 1 1101  100091
1 3 4 1 1101  100092
1 4 4 1 1101  100091
1 5 4 1 1101  100092
1 6 4 1 1101  100091
1 7 4 1 1101  100092
1 8 4 1 1101  100091
1 9 4 1 1101  100092
1 10  4 1 1101  100091
1 11  4 1 1101  100092
1 12  4 1 1101  100091
1 13  4 1 1101  100090
1 14  4 1 1101  100090
1 15  4 1 1101  100090
1 15  4 2 1101  100090
1 16  4 1 1101  100090
1 16  4 2 1101  100090
1 1 5 1 1101  100832
1 2 5 1 1101  100017
1 3 5 1 1101  100832
1 4 5 1 1101  100017
1 5 5 1 1101  100832
1 6 5 1 1101  100017
1 7 5 1 1101  100832
1 8 5 1 1101  100017
1 9 5 1 1101  100832
1 10  5 1 1101  100017
1 11  5 1 1101  100832
1 12  5 1 1101  100017
1 13  5 1 1101  100050
1 14  5 1 1101  100050
1 15  5 1 1101  100050
1 15  5 2 1101  100050
1 16  5 1 1101  100050
1 16  5 2 1101  100050
1 1 6 1 1101  100165
1 2 6 1 1101  100236
1 3 6 1 1101  100165
1 4 6 1 1101  100236
1 5 6 1 1101  100165
1 6 6 1 1101  100236
1 7 6 1 1101  100165
1 8 6 1 1101  100236
1 9 6 1 1101  100165
1 10  6 1 1101  100236
1 11  6 1 1101  100165
1 12  6 1 1101  100236
1 13  6 1 1101  100076
1 14  6 1 1101  100076
1 15  6 1 1101  100076
1 15  6 2 1101  100076
1 16  6 1 1101  100076
1 16  6 2 1101  100076
1 1 7 1 1101  101384
1 2 7 1 1101  101391
1 3 7 1 1101  101384
1 4 7 1 1101  101391
1 5 7 1 1101  101384
1 6 7 1 1101  101391
1 7 7 1 1101  101384
1 8 7 1 1101  101391
1 9 7 1 1101  101384
1 10  7 1 1101  101391
1 11  7 1 1101  101384
1 12  7 1 1101  101391
1 13  7 1 1101  101429
1 14  7 1 1101  101429
1 15  7 1 1101  101429
1 15  7 2 1101  101429
1 16  7 1 1101  101429
1 16  7 2 1101  101429
1 1 8 1 1101  100164
1 2 8 1 1101  100163
1 3 8 1 1101  100164
1 4 8 1 1101  100163
1 5 8 1 1101  100164
1 6 8 1 1101  100163
1 7 8 1 1101  100164
1 8 8 1 1101  100163
1 9 8 1 1101  100164
1 10  8 1 1101  100163
1 11  8 1 1101  100164
1 12  8 1 1101  100163
1 13  8 1 1101  100160
1 14  8 1 1101  100160
1 15  8 1 1101  100160
1 15  8 2 1101  100160
1 16  8 1 1101  100160
1 16  8 2 1101  100160
1 1 9 1 1101  100042
1 2 9 1 1101  100043
1 3 9 1 1101  100042
1 4 9 1 1101  100043
1 5 9 1 1101  100042
1 6 9 1 1101  100043
1 7 9 1 1101  100042
1 8 9 1 1101  100043
1 9 9 1 1101  100042
1 10  9 1 1101  100043
1 11  9 1 1101  100042
1 12  9 1 1101  100043
1 13  9 1 1101  100044
1 14  9 1 1101  100044
1 15  9 1 1101  100044
1 15  9 2 1101  100044
1 16  9 1 1101  100044
1 16  9 2 1101  100044
1 1 10  1 1101  100262
1 2 10  1 1101  100206
1 3 10  1 1101  100262
1 4 10  1 1101  100206
1 5 10  1 1101  100262
1 6 10  1 1101  100206
1 7 10  1 1101  100262
1 8 10  1 1101  100206
1 9 10  1 1101  100262
1 10  10  1 1101  100206
1 11  10  1 1101  100262
1 12  10  1 1101  100206
1 13  10  1 1101  100251
1 14  10  1 1101  100251
1 15  10  1 1101  100251
1 15  10  2 1101  100251
1 16  10  1 1101  100251
1 16  10  2 1101  100251
1 1 11  1 1103  101461
1 2 11  1 1103  100529
1 3 11  1 1103  101461
1 4 11  1 1103  100529
1 5 11  1 1103  101461
1 6 11  1 1103  100529
1 7 11  1 1103  101461
1 8 11  1 1103  100529
1 9 11  1 1103  101461
1 10  11  1 1103  100529
1 11  11  1 1103  101461
1 12  11  1 1103  100529
1 13  11  1 1103  101500
1 14  11  1 1103  101500
1 15  11  1 1103  101500
1 15  11  2 1103  101500
1 16  11  1 1103  101500
1 16  11  2 1103  101500
1 1 12  1 1103  101434
1 2 12  1 1103  100336
1 3 12  1 1103  101434
1 4 12  1 1103  100336
1 5 12  1 1103  101434
1 6 12  1 1103  100336
1 7 12  1 1103  101434
1 8 12  1 1103  100336
1 9 12  1 1103  101434
1 10  12  1 1103  100336
1 11  12  1 1103  101434
1 12  12  1 1103  100336
1 13  12  1 1103  100322
1 14  12  1 1103  100322
1 15  12  1 1103  100322
1 15  12  2 1103  100322
1 16  12  1 1103  100322
1 16  12  2 1103  100322
1 1 13  1 1103  101427
1 2 13  1 1103  100420
1 3 13  1 1103  101427
1 4 13  1 1103  100420
1 5 13  1 1103  101427
1 6 13  1 1103  100420
1 7 13  1 1103  101427
1 8 13  1 1103  100420
1 9 13  1 1103  101427
1 10  13  1 1103  100420
1 11  13  1 1103  101427
1 12  13  1 1103  100420
1 13  13  1 1103  100286
1 14  13  1 1103  100286
1 15  13  1 1103  100286
1 15  13  2 1103  100286
1 16  13  1 1103  100286
1 16  13  2 1103  100286
1 1 14  1 1103  100162
1 2 14  1 1103  101523
1 3 14  1 1103  100162
1 4 14  1 1103  101523
1 5 14  1 1103  100162
1 6 14  1 1103  101523
1 7 14  1 1103  100162
1 8 14  1 1103  101523
1 9 14  1 1103  100162
1 10  14  1 1103  101523
1 11  14  1 1103  100162
1 12  14  1 1103  101523
1 13  14  1 1103  100348
1 14  14  1 1103  100348
1 15  14  1 1103  100348
1 15  14  2 1103  100348
1 16  14  1 1103  100348
1 16  14  2 1103  100348
1 1 15  1 1103  100035
1 2 15  1 1103  100776
1 3 15  1 1103  100035
1 4 15  1 1103  100776
1 5 15  1 1103  100035
1 6 15  1 1103  100776
1 7 15  1 1103  100035
1 8 15  1 1103  100776
1 9 15  1 1103  100035
1 10  15  1 1103  100776
1 11  15  1 1103  100035
1 12  15  1 1103  100776
1 13  15  1 1103  101522
1 14  15  1 1103  101522
1 15  15  1 1103  101522
1 15  15  2 1103  101522
1 16  15  1 1103  101522
1 16  15  2 1103  101522
1 1 16  1 1103  100368
1 2 16  1 1103  100446
1 3 16  1 1103  100368
1 4 16  1 1103  100446
1 5 16  1 1103  100368
1 6 16  1 1103  100446
1 7 16  1 1103  100368
1 8 16  1 1103  100446
1 9 16  1 1103  100368
1 10  16  1 1103  100446
1 11  16  1 1103  100368
1 12  16  1 1103  100446
1 13  16  1 1103  100192
1 14  16  1 1103  100192
1 15  16  1 1103  100192
1 15  16  2 1103  100192
1 16  16  1 1103  100192
1 16  16  2 1103  100192
1 1 17  1 1103  100272
1 2 17  1 1103  101588
1 3 17  1 1103  100272
1 4 17  1 1103  101588
1 5 17  1 1103  100272
1 6 17  1 1103  101588
1 7 17  1 1103  100272
1 8 17  1 1103  101588
1 9 17  1 1103  100272
1 10  17  1 1103  101588
1 11  17  1 1103  100272
1 12  17  1 1103  101588
1 13  17  1 1103  101545
1 14  17  1 1103  101545
1 15  17  1 1103  101545
1 15  17  2 1103  101545
1 16  17  1 1103  101545
1 16  17  2 1103  101545
1 1 18  1 1103  100323
1 2 18  1 1103  100363
1 3 18  1 1103  100323
1 4 18  1 1103  100363
1 5 18  1 1103  100323
1 6 18  1 1103  100363
1 7 18  1 1103  100323
1 8 18  1 1103  100363
1 9 18  1 1103  100323
1 10  18  1 1103  100363
1 11  18  1 1103  100323
1 12  18  1 1103  100363
1 13  18  1 1103  100845
1 14  18  1 1103  100845
1 15  18  1 1103  100845
1 15  18  2 1103  100845
1 16  18  1 1103  100845
1 16  18  2 1103  100845
1 1 19  1 1105  100355
1 2 19  1 1105  100356
1 3 19  1 1105  100355
1 4 19  1 1105  100356
1 5 19  1 1105  100355
1 6 19  1 1105  100356
1 7 19  1 1105  100355
1 8 19  1 1105  100356
1 9 19  1 1105  100355
1 10  19  1 1105  100356
1 11  19  1 1105  100355
1 12  19  1 1105  100356
1 13  19  1 1105  100357
1 14  19  1 1105  100357
1 15  19  1 1105  100357
1 15  19  2 1105  100357
1 16  19  1 1105  100357
1 16  19  2 1105  100357
1 1 20  1 1105  100159
1 2 20  1 1105  100158
1 3 20  1 1105  100159
1 4 20  1 1105  100158
1 5 20  1 1105  100159
1 6 20  1 1105  100158
1 7 20  1 1105  100159
1 8 20  1 1105  100158
1 9 20  1 1105  100159
1 10  20  1 1105  100158
1 11  20  1 1105  100159
1 12  20  1 1105  100158
1 13  20  1 1105  100153
1 14  20  1 1105  100153
1 15  20  1 1105  100153
1 15  20  2 1105  100153
1 16  20  1 1105  100153
1 16  20  2 1105  100153
1 1 21  1 1105  101583
1 2 21  1 1105  101503
1 3 21  1 1105  101583
1 4 21  1 1105  101503
1 5 21  1 1105  101583
1 6 21  1 1105  101503
1 7 21  1 1105  101583
1 8 21  1 1105  101503
1 9 21  1 1105  101583
1 10  21  1 1105  101503
1 11  21  1 1105  101583
1 12  21  1 1105  101503
1 13  21  1 1105  101585
1 14  21  1 1105  101585
1 15  21  1 1105  101585
1 15  21  2 1105  101585
1 16  21  1 1105  101585
1 16  21  2 1105  101585
1 1 22  1 1105  100793
1 2 22  1 1105  101557
1 3 22  1 1105  100793
1 4 22  1 1105  101557
1 5 22  1 1105  100793
1 6 22  1 1105  101557
1 7 22  1 1105  100793
1 8 22  1 1105  101557
1 9 22  1 1105  100793
1 10  22  1 1105  101557
1 11  22  1 1105  100793
1 12  22  1 1105  101557
1 13  22  1 1105  100626
1 14  22  1 1105  100626
1 15  22  1 1105  100626
1 15  22  2 1105  100626
1 16  22  1 1105  100626
1 16  22  2 1105  100626
1 1 23  1 1105  100247
1 2 23  1 1105  100705
1 3 23  1 1105  100247
1 4 23  1 1105  100705
1 5 23  1 1105  100247
1 6 23  1 1105  100705
1 7 23  1 1105  100247
1 8 23  1 1105  100705
1 9 23  1 1105  100247
1 10  23  1 1105  100705
1 11  23  1 1105  100247
1 12  23  1 1105  100705
1 13  23  1 1105  100296
1 14  23  1 1105  100296
1 15  23  1 1105  100296
1 15  23  2 1105  100296
1 16  23  1 1105  100296
1 16  23  2 1105  100296
1 1 24  1 1105  100256
1 2 24  1 1105  101546
1 3 24  1 1105  100256
1 4 24  1 1105  101546
1 5 24  1 1105  100256
1 6 24  1 1105  101546
1 7 24  1 1105  100256
1 8 24  1 1105  101546
1 9 24  1 1105  100256
1 10  24  1 1105  101546
1 11  24  1 1105  100256
1 12  24  1 1105  101546
1 13  24  1 1105  100242
1 14  24  1 1105  100242
1 15  24  1 1105  100242
1 15  24  2 1105  100242
1 16  24  1 1105  100242
1 16  24  2 1105  100242
1 1 25  1 1105  100041
1 2 25  1 1105  100779
1 3 25  1 1105  100041
1 4 25  1 1105  100779
1 5 25  1 1105  100041
1 6 25  1 1105  100779
1 7 25  1 1105  100041
1 8 25  1 1105  100779
1 9 25  1 1105  100041
1 10  25  1 1105  100779
1 11  25  1 1105  100041
1 12  25  1 1105  100779
1 13  25  1 1105  100811
1 14  25  1 1105  100811
1 15  25  1 1105  100811
1 15  25  2 1105  100811
1 16  25  1 1105  100811
1 16  25  2 1105  100811
1 1 26  1 1105  101416
1 2 26  1 1105  100166
1 3 26  1 1105  101416
1 4 26  1 1105  100166
1 5 26  1 1105  101416
1 6 26  1 1105  100166
1 7 26  1 1105  101416
1 8 26  1 1105  100166
1 9 26  1 1105  101416
1 10  26  1 1105  100166
1 11  26  1 1105  101416
1 12  26  1 1105  100166
1 13  26  1 1105  100414
1 14  26  1 1105  100414
1 15  26  1 1105  100414
1 15  26  2 1105  100414
1 16  26  1 1105  100414
1 16  26  2 1105  100414
1 1 27  1 1107  100093
1 2 27  1 1107  100188
1 3 27  1 1107  100093
1 4 27  1 1107  100188
1 5 27  1 1107  100093
1 6 27  1 1107  100188
1 7 27  1 1107  100093
1 8 27  1 1107  100188
1 9 27  1 1107  100093
1 10  27  1 1107  100188
1 11  27  1 1107  100093
1 12  27  1 1107  100188
1 13  27  1 1107  100207
1 14  27  1 1107  100207
1 15  27  1 1107  100207
1 15  27  2 1107  100207
1 16  27  1 1107  100207
1 16  27  2 1107  100207
1 1 28  1 1107  100556
1 2 28  1 1107  100523
1 3 28  1 1107  100556
1 4 28  1 1107  100523
1 5 28  1 1107  100556
1 6 28  1 1107  100523
1 7 28  1 1107  100556
1 8 28  1 1107  100523
1 9 28  1 1107  100556
1 10  28  1 1107  100523
1 11  28  1 1107  100556
1 12  28  1 1107  100523
1 13  28  1 1107  100522
1 14  28  1 1107  100522
1 15  28  1 1107  100522
1 15  28  2 1107  100522
1 16  28  1 1107  100522
1 16  28  2 1107  100522
1 1 29  1 1107  100627
1 2 29  1 1107  100886
1 3 29  1 1107  100627
1 4 29  1 1107  100886
1 5 29  1 1107  100627
1 6 29  1 1107  100886
1 7 29  1 1107  100627
1 8 29  1 1107  100886
1 9 29  1 1107  100627
1 10  29  1 1107  100886
1 11  29  1 1107  100627
1 12  29  1 1107  100886
1 13  29  1 1107  100014
1 14  29  1 1107  100014
1 15  29  1 1107  100014
1 15  29  2 1107  100014
1 16  29  1 1107  100014
1 16  29  2 1107  100014
1 1 30  1 1107  100647
1 2 30  1 1107  100644
1 3 30  1 1107  100647
1 4 30  1 1107  100644
1 5 30  1 1107  100647
1 6 30  1 1107  100644
1 7 30  1 1107  100647
1 8 30  1 1107  100644
1 9 30  1 1107  100647
1 10  30  1 1107  100644
1 11  30  1 1107  100647
1 12  30  1 1107  100644
1 13  30  1 1107  100646
1 14  30  1 1107  100646
1 15  30  1 1107  100646
1 15  30  2 1107  100646
1 16  30  1 1107  100646
1 16  30  2 1107  100646
1 1 31  1 1107  100274
1 2 31  1 1107  100292
1 3 31  1 1107  100274
1 4 31  1 1107  100292
1 5 31  1 1107  100274
1 6 31  1 1107  100292
1 7 31  1 1107  100274
1 8 31  1 1107  100292
1 9 31  1 1107  100274
1 10  31  1 1107  100292
1 11  31  1 1107  100274
1 12  31  1 1107  100292
1 13  31  1 1107  100873
1 14  31  1 1107  100873
1 15  31  1 1107  100873
1 15  31  2 1107  100873
1 16  31  1 1107  100873
1 16  31  2 1107  100873
1 1 32  1 1107  100492
1 2 32  1 1107  100367
1 3 32  1 1107  100492
1 4 32  1 1107  100367
1 5 32  1 1107  100492
1 6 32  1 1107  100367
1 7 32  1 1107  100492
1 8 32  1 1107  100367
1 9 32  1 1107  100492
1 10  32  1 1107  100367
1 11  32  1 1107  100492
1 12  32  1 1107  100367
1 13  32  1 1107  100436
1 14  32  1 1107  100436
1 15  32  1 1107  100436
1 15  32  2 1107  100436
1 16  32  1 1107  100436
1 16  32  2 1107  100436
1 1 33  1 1107  101383
1 2 33  1 1107  100553
1 3 33  1 1107  101383
1 4 33  1 1107  100553
1 5 33  1 1107  101383
1 6 33  1 1107  100553
1 7 33  1 1107  101383
1 8 33  1 1107  100553
1 9 33  1 1107  101383
1 10  33  1 1107  100553
1 11  33  1 1107  101383
1 12  33  1 1107  100553
1 13  33  1 1107  101389
1 14  33  1 1107  101389
1 15  33  1 1107  101389
1 15  33  2 1107  101389
1 16  33  1 1107  101389
1 16  33  2 1107  101389
1 1 34  1 1107  100860
1 2 34  1 1107  100841
1 3 34  1 1107  100860
1 4 34  1 1107  100841
1 5 34  1 1107  100860
1 6 34  1 1107  100841
1 7 34  1 1107  100860
1 8 34  1 1107  100841
1 9 34  1 1107  100860
1 10  34  1 1107  100841
1 11  34  1 1107  100860
1 12  34  1 1107  100841
1 13  34  1 1107  100201
1 14  34  1 1107  100201
1 15  34  1 1107  100201
1 15  34  2 1107  100201
1 16  34  1 1107  100201
1 16  34  2 1107  100201
1 1 35  1 1109  100411
1 2 35  1 1109  100404
1 3 35  1 1109  100411
1 4 35  1 1109  100404
1 5 35  1 1109  100411
1 6 35  1 1109  100404
1 7 35  1 1109  100411
1 8 35  1 1109  100404
1 9 35  1 1109  100411
1 10  35  1 1109  100404
1 11  35  1 1109  100411
1 12  35  1 1109  100404
1 13  35  1 1109  100418
1 14  35  1 1109  100418
1 15  35  1 1109  100418
1 15  35  2 1109  100418
1 16  35  1 1109  100418
1 16  35  2 1109  100418
1 1 36  1 1109  100798
1 2 36  1 1109  100665
1 3 36  1 1109  100798
1 4 36  1 1109  100665
1 5 36  1 1109  100798
1 6 36  1 1109  100665
1 7 36  1 1109  100798
1 8 36  1 1109  100665
1 9 36  1 1109  100798
1 10  36  1 1109  100665
1 11  36  1 1109  100798
1 12  36  1 1109  100665
1 13  36  1 1109  101582
1 14  36  1 1109  101582
1 15  36  1 1109  101582
1 15  36  2 1109  101582
1 16  36  1 1109  101582
1 16  36  2 1109  101582
1 1 37  1 1109  100126
1 2 37  1 1109  100036
1 3 37  1 1109  100126
1 4 37  1 1109  100036
1 5 37  1 1109  100126
1 6 37  1 1109  100036
1 7 37  1 1109  100126
1 8 37  1 1109  100036
1 9 37  1 1109  100126
1 10  37  1 1109  100036
1 11  37  1 1109  100126
1 12  37  1 1109  100036
1 13  37  1 1109  100048
1 14  37  1 1109  100048
1 15  37  1 1109  100048
1 15  37  2 1109  100048
1 16  37  1 1109  100048
1 16  37  2 1109  100048
1 1 38  1 1109  101584
1 2 38  1 1109  100774
1 3 38  1 1109  101584
1 4 38  1 1109  100774
1 5 38  1 1109  101584
1 6 38  1 1109  100774
1 7 38  1 1109  101584
1 8 38  1 1109  100774
1 9 38  1 1109  101584
1 10  38  1 1109  100774
1 11  38  1 1109  101584
1 12  38  1 1109  100774
1 13  38  1 1109  101547
1 14  38  1 1109  101547
1 15  38  1 1109  101547
1 15  38  2 1109  101547
1 16  38  1 1109  101547
1 16  38  2 1109  101547
1 1 39  1 1109  100040
1 2 39  1 1109  100062
1 3 39  1 1109  100040
1 4 39  1 1109  100062
1 5 39  1 1109  100040
1 6 39  1 1109  100062
1 7 39  1 1109  100040
1 8 39  1 1109  100062
1 9 39  1 1109  100040
1 10  39  1 1109  100062
1 11  39  1 1109  100040
1 12  39  1 1109  100062
1 13  39  1 1109  100063
1 14  39  1 1109  100063
1 15  39  1 1109  100063
1 15  39  2 1109  100063
1 16  39  1 1109  100063
1 16  39  2 1109  100063
1 1 40  1 1109  100778
1 2 40  1 1109  100768
1 3 40  1 1109  100778
1 4 40  1 1109  100768
1 5 40  1 1109  100778
1 6 40  1 1109  100768
1 7 40  1 1109  100778
1 8 40  1 1109  100768
1 9 40  1 1109  100778
1 10  40  1 1109  100768
1 11  40  1 1109  100778
1 12  40  1 1109  100768
1 13  40  1 1109  100748
1 14  40  1 1109  100748
1 15  40  1 1109  100748
1 15  40  2 1109  100748
1 16  40  1 1109  100748
1 16  40  2 1109  100748
1 1 41  1 1109  100695
1 2 41  1 1109  100685
1 3 41  1 1109  100695
1 4 41  1 1109  100685
1 5 41  1 1109  100695
1 6 41  1 1109  100685
1 7 41  1 1109  100695
1 8 41  1 1109  100685
1 9 41  1 1109  100695
1 10  41  1 1109  100685
1 11  41  1 1109  100695
1 12  41  1 1109  100685
1 13  41  1 1109  100689
1 14  41  1 1109  100689
1 15  41  1 1109  100689
1 15  41  2 1109  100689
1 16  41  1 1109  100689
1 16  41  2 1109  100689
1 1 42  1 1109  999991
1 2 42  1 1109  999991
1 3 42  1 1109  999991
1 4 42  1 1109  999991
1 5 42  1 1109  999991
1 6 42  1 1109  999991
1 7 42  1 1109  999991
1 8 42  1 1109  999991
1 9 42  1 1109  999991
1 10  42  1 1109  999991
1 11  42  1 1109  999991
1 12  42  1 1109  999991
1 13  42  1 1109  999991
1 14  42  1 1109  999991
1 15  42  1 1109  999991
1 15  42  2 1109  999991
1 16  42  1 1109  999991
1 16  42  2 1109  999991
1 1 43  1 1111  100138
1 2 43  1 1111  100717
1 3 43  1 1111  100138
1 4 43  1 1111  100717
1 5 43  1 1111  100138
1 6 43  1 1111  100717
1 7 43  1 1111  100138
1 8 43  1 1111  100717
1 9 43  1 1111  100138
1 10  43  1 1111  100717
1 11  43  1 1111  100138
1 12  43  1 1111  100717
1 13  43  1 1111  100386
1 14  43  1 1111  100386
1 15  43  1 1111  100386
1 15  43  2 1111  100386
1 16  43  1 1111  100386
1 16  43  2 1111  100386
1 1 44  1 1111  100310
1 2 44  1 1111  100381
1 3 44  1 1111  100310
1 4 44  1 1111  100381
1 5 44  1 1111  100310
1 6 44  1 1111  100381
1 7 44  1 1111  100310
1 8 44  1 1111  100381
1 9 44  1 1111  100310
1 10  44  1 1111  100381
1 11  44  1 1111  100310
1 12  44  1 1111  100381
1 13  44  1 1111  100370
1 14  44  1 1111  100370
1 15  44  1 1111  100370
1 15  44  2 1111  100370
1 16  44  1 1111  100370
1 16  44  2 1111  100370
1 1 45  1 1111  100412
1 2 45  1 1111  100403
1 3 45  1 1111  100412
1 4 45  1 1111  100403
1 5 45  1 1111  100412
1 6 45  1 1111  100403
1 7 45  1 1111  100412
1 8 45  1 1111  100403
1 9 45  1 1111  100412
1 10  45  1 1111  100403
1 11  45  1 1111  100412
1 12  45  1 1111  100403
1 13  45  1 1111  100473
1 14  45  1 1111  100473
1 15  45  1 1111  100473
1 15  45  2 1111  100473
1 16  45  1 1111  100473
1 16  45  2 1111  100473
1 1 46  1 1111  100784
1 2 46  1 1111  100797
1 3 46  1 1111  100784
1 4 46  1 1111  100797
1 5 46  1 1111  100784
1 6 46  1 1111  100797
1 7 46  1 1111  100784
1 8 46  1 1111  100797
1 9 46  1 1111  100784
1 10  46  1 1111  100797
1 11  46  1 1111  100784
1 12  46  1 1111  100797
1 13  46  1 1111  100724
1 14  46  1 1111  100724
1 15  46  1 1111  100724
1 15  46  2 1111  100724
1 16  46  1 1111  100724
1 16  46  2 1111  100724
1 1 47  1 1111  100341
1 2 47  1 1111  100352
1 3 47  1 1111  100341
1 4 47  1 1111  100352
1 5 47  1 1111  100341
1 6 47  1 1111  100352
1 7 47  1 1111  100341
1 8 47  1 1111  100352
1 9 47  1 1111  100341
1 10  47  1 1111  100352
1 11  47  1 1111  100341
1 12  47  1 1111  100352
1 13  47  1 1111  100354
1 14  47  1 1111  100354
1 15  47  1 1111  100354
1 15  47  2 1111  100354
1 16  47  1 1111  100354
1 16  47  2 1111  100354
1 1 48  1 1111  100223
1 2 48  1 1111  100674
1 3 48  1 1111  100223
1 4 48  1 1111  100674
1 5 48  1 1111  100223
1 6 48  1 1111  100674
1 7 48  1 1111  100223
1 8 48  1 1111  100674
1 9 48  1 1111  100223
1 10  48  1 1111  100674
1 11  48  1 1111  100223
1 12  48  1 1111  100674
1 13  48  1 1111  100219
1 14  48  1 1111  100219
1 15  48  1 1111  100219
1 15  48  2 1111  100219
1 16  48  1 1111  100219
1 16  48  2 1111  100219
1 1 49  1 1111  100190
1 2 49  1 1111  100277
1 3 49  1 1111  100190
1 4 49  1 1111  100277
1 5 49  1 1111  100190
1 6 49  1 1111  100277
1 7 49  1 1111  100190
1 8 49  1 1111  100277
1 9 49  1 1111  100190
1 10  49  1 1111  100277
1 11  49  1 1111  100190
1 12  49  1 1111  100277
1 13  49  1 1111  101952
1 14  49  1 1111  101952
1 15  49  1 1111  101952
1 15  49  2 1111  101952
1 16  49  1 1111  101952
1 16  49  2 1111  101952
1 1 50  1 1111  100781
1 2 50  1 1111  100753
1 3 50  1 1111  100781
1 4 50  1 1111  100753
1 5 50  1 1111  100781
1 6 50  1 1111  100753
1 7 50  1 1111  100781
1 8 50  1 1111  100753
1 9 50  1 1111  100781
1 10  50  1 1111  100753
1 11  50  1 1111  100781
1 12  50  1 1111  100753
1 13  50  1 1111  100743
1 14  50  1 1111  100743
1 15  50  1 1111  100743
1 15  50  2 1111  100743
1 16  50  1 1111  100743
1 16  50  2 1111  100743
1 1 51  1 1113  100049
1 2 51  1 1113  100045
1 3 51  1 1113  100049
1 4 51  1 1113  100045
1 5 51  1 1113  100049
1 6 51  1 1113  100045
1 7 51  1 1113  100049
1 8 51  1 1113  100045
1 9 51  1 1113  100049
1 10  51  1 1113  100045
1 11  51  1 1113  100049
1 12  51  1 1113  100045
1 13  51  1 1113  100047
1 14  51  1 1113  100047
1 15  51  1 1113  100047
1 15  51  2 1113  100047
1 16  51  1 1113  100047
1 16  51  2 1113  100047
1 1 52  1 1113  100773
1 2 52  1 1113  100772
1 3 52  1 1113  100773
1 4 52  1 1113  100772
1 5 52  1 1113  100773
1 6 52  1 1113  100772
1 7 52  1 1113  100773
1 8 52  1 1113  100772
1 9 52  1 1113  100773
1 10  52  1 1113  100772
1 11  52  1 1113  100773
1 12  52  1 1113  100772
1 13  52  1 1113  100015
1 14  52  1 1113  100015
1 15  52  1 1113  100015
1 15  52  2 1113  100015
1 16  52  1 1113  100015
1 16  52  2 1113  100015
1 1 53  1 1113  101419
1 2 53  1 1113  101424
1 3 53  1 1113  101419
1 4 53  1 1113  101424
1 5 53  1 1113  101419
1 6 53  1 1113  101424
1 7 53  1 1113  101419
1 8 53  1 1113  101424
1 9 53  1 1113  101419
1 10  53  1 1113  101424
1 11  53  1 1113  101419
1 12  53  1 1113  101424
1 13  53  1 1113  100400
1 14  53  1 1113  100400
1 15  53  1 1113  100400
1 15  53  2 1113  100400
1 16  53  1 1113  100400
1 16  53  2 1113  100400
1 1 54  1 1113  101405
1 2 54  1 1113  101404
1 3 54  1 1113  101405
1 4 54  1 1113  101404
1 5 54  1 1113  101405
1 6 54  1 1113  101404
1 7 54  1 1113  101405
1 8 54  1 1113  101404
1 9 54  1 1113  101405
1 10  54  1 1113  101404
1 11  54  1 1113  101405
1 12  54  1 1113  101404
1 13  54  1 1113  101403
1 14  54  1 1113  101403
1 15  54  1 1113  101403
1 15  54  2 1113  101403
1 16  54  1 1113  101403
1 16  54  2 1113  101403
1 1 55  1 1113  101504
1 2 55  1 1113  101568
1 3 55  1 1113  101504
1 4 55  1 1113  101568
1 5 55  1 1113  101504
1 6 55  1 1113  101568
1 7 55  1 1113  101504
1 8 55  1 1113  101568
1 9 55  1 1113  101504
1 10  55  1 1113  101568
1 11  55  1 1113  101504
1 12  55  1 1113  101568
1 13  55  1 1113  101382
1 14  55  1 1113  101382
1 15  55  1 1113  101382
1 15  55  2 1113  101382
1 16  55  1 1113  101382
1 16  55  2 1113  101382
1 1 56  1 1113  100628
1 2 56  1 1113  100281
1 3 56  1 1113  100628
1 4 56  1 1113  100281
1 5 56  1 1113  100628
1 6 56  1 1113  100281
1 7 56  1 1113  100628
1 8 56  1 1113  100281
1 9 56  1 1113  100628
1 10  56  1 1113  100281
1 11  56  1 1113  100628
1 12  56  1 1113  100281
1 13  56  1 1113  100205
1 14  56  1 1113  100205
1 15  56  1 1113  100205
1 15  56  2 1113  100205
1 16  56  1 1113  100205
1 16  56  2 1113  100205
1 1 57  1 1113  100053
1 2 57  1 1113  100183
1 3 57  1 1113  100053
1 4 57  1 1113  100183
1 5 57  1 1113  100053
1 6 57  1 1113  100183
1 7 57  1 1113  100053
1 8 57  1 1113  100183
1 9 57  1 1113  100053
1 10  57  1 1113  100183
1 11  57  1 1113  100053
1 12  57  1 1113  100183
1 13  57  1 1113  100127
1 14  57  1 1113  100127
1 15  57  1 1113  100127
1 15  57  2 1113  100127
1 16  57  1 1113  100127
1 16  57  2 1113  100127
1 1 58  1 1113  100151
1 2 58  1 1113  100149
1 3 58  1 1113  100151
1 4 58  1 1113  100149
1 5 58  1 1113  100151
1 6 58  1 1113  100149
1 7 58  1 1113  100151
1 8 58  1 1113  100149
1 9 58  1 1113  100151
1 10  58  1 1113  100149
1 11  58  1 1113  100151
1 12  58  1 1113  100149
1 13  58  1 1113  100252
1 14  58  1 1113  100252
1 15  58  1 1113  100252
1 15  58  2 1113  100252
1 16  58  1 1113  100252
1 16  58  2 1113  100252
1 1 59  1 1115  100349
1 2 59  1 1115  100825
1 3 59  1 1115  100349
1 4 59  1 1115  100825
1 5 59  1 1115  100349
1 6 59  1 1115  100825
1 7 59  1 1115  100349
1 8 59  1 1115  100825
1 9 59  1 1115  100349
1 10  59  1 1115  100825
1 11  59  1 1115  100349
1 12  59  1 1115  100825
1 13  59  1 1115  100365
1 14  59  1 1115  100365
1 15  59  1 1115  100365
1 15  59  2 1115  100365
1 16  59  1 1115  100365
1 16  59  2 1115  100365
1 1 60  1 1115  100099
1 2 60  1 1115  100110
1 3 60  1 1115  100099
1 4 60  1 1115  100110
1 5 60  1 1115  100099
1 6 60  1 1115  100110
1 7 60  1 1115  100099
1 8 60  1 1115  100110
1 9 60  1 1115  100099
1 10  60  1 1115  100110
1 11  60  1 1115  100099
1 12  60  1 1115  100110
1 13  60  1 1115  100111
1 14  60  1 1115  100111
1 15  60  1 1115  100111
1 15  60  2 1115  100111
1 16  60  1 1115  100111
1 16  60  2 1115  100111
1 1 61  1 1115  100112
1 2 61  1 1115  100124
1 3 61  1 1115  100112
1 4 61  1 1115  100124
1 5 61  1 1115  100112
1 6 61  1 1115  100124
1 7 61  1 1115  100112
1 8 61  1 1115  100124
1 9 61  1 1115  100112
1 10  61  1 1115  100124
1 11  61  1 1115  100112
1 12  61  1 1115  100124
1 13  61  1 1115  100102
1 14  61  1 1115  100102
1 15  61  1 1115  100102
1 15  61  2 1115  100102
1 16  61  1 1115  100102
1 16  61  2 1115  100102
1 1 62  1 1115  101448
1 2 62  1 1115  100213
1 3 62  1 1115  101448
1 4 62  1 1115  100213
1 5 62  1 1115  101448
1 6 62  1 1115  100213
1 7 62  1 1115  101448
1 8 62  1 1115  100213
1 9 62  1 1115  101448
1 10  62  1 1115  100213
1 11  62  1 1115  101448
1 12  62  1 1115  100213
1 13  62  1 1115  100650
1 14  62  1 1115  100650
1 15  62  1 1115  100650
1 15  62  2 1115  100650
1 16  62  1 1115  100650
1 16  62  2 1115  100650
1 1 63  1 1115  100791
1 2 63  1 1115  100794
1 3 63  1 1115  100791
1 4 63  1 1115  100794
1 5 63  1 1115  100791
1 6 63  1 1115  100794
1 7 63  1 1115  100791
1 8 63  1 1115  100794
1 9 63  1 1115  100791
1 10  63  1 1115  100794
1 11  63  1 1115  100791
1 12  63  1 1115  100794
1 13  63  1 1115  100792
1 14  63  1 1115  100792
1 15  63  1 1115  100792
1 15  63  2 1115  100792
1 16  63  1 1115  100792
1 16  63  2 1115  100792
1 1 64  1 1115  100649
1 2 64  1 1115  100026
1 3 64  1 1115  100649
1 4 64  1 1115  100026
1 5 64  1 1115  100649
1 6 64  1 1115  100026
1 7 64  1 1115  100649
1 8 64  1 1115  100026
1 9 64  1 1115  100649
1 10  64  1 1115  100026
1 11  64  1 1115  100649
1 12  64  1 1115  100026
1 13  64  1 1115  100651
1 14  64  1 1115  100651
1 15  64  1 1115  100651
1 15  64  2 1115  100651
1 16  64  1 1115  100651
1 16  64  2 1115  100651
1 1 65  1 1115  100625
1 2 65  1 1115  100018
1 3 65  1 1115  100625
1 4 65  1 1115  100018
1 5 65  1 1115  100625
1 6 65  1 1115  100018
1 7 65  1 1115  100625
1 8 65  1 1115  100018
1 9 65  1 1115  100625
1 10  65  1 1115  100018
1 11  65  1 1115  100625
1 12  65  1 1115  100018
1 13  65  1 1115  100624
1 14  65  1 1115  100624
1 15  65  1 1115  100624
1 15  65  2 1115  100624
1 16  65  1 1115  100624
1 16  65  2 1115  100624
1 1 66  1 1115  100611
1 2 66  1 1115  100677
1 3 66  1 1115  100611
1 4 66  1 1115  100677
1 5 66  1 1115  100611
1 6 66  1 1115  100677
1 7 66  1 1115  100611
1 8 66  1 1115  100677
1 9 66  1 1115  100611
1 10  66  1 1115  100677
1 11  66  1 1115  100611
1 12  66  1 1115  100677
1 13  66  1 1115  100676
1 14  66  1 1115  100676
1 15  66  1 1115  100676
1 15  66  2 1115  100676
1 16  66  1 1115  100676
1 16  66  2 1115  100676
1 1 67  1 1117  101594
1 2 67  1 1117  100829
1 3 67  1 1117  101594
1 4 67  1 1117  100829
1 5 67  1 1117  101594
1 6 67  1 1117  100829
1 7 67  1 1117  101594
1 8 67  1 1117  100829
1 9 67  1 1117  101594
1 10  67  1 1117  100829
1 11  67  1 1117  101594
1 12  67  1 1117  100829
1 13  67  1 1117  100572
1 14  67  1 1117  100572
1 15  67  1 1117  100572
1 15  67  2 1117  100572
1 16  67  1 1117  100572
1 16  67  2 1117  100572
1 1 68  1 1117  100558
1 2 68  1 1117  101385
1 3 68  1 1117  100558
1 4 68  1 1117  101385
1 5 68  1 1117  100558
1 6 68  1 1117  101385
1 7 68  1 1117  100558
1 8 68  1 1117  101385
1 9 68  1 1117  100558
1 10  68  1 1117  101385
1 11  68  1 1117  100558
1 12  68  1 1117  101385
1 13  68  1 1117  100327
1 14  68  1 1117  100327
1 15  68  1 1117  100327
1 15  68  2 1117  100327
1 16  68  1 1117  100327
1 16  68  2 1117  100327
1 1 69  1 1117  100619
1 2 69  1 1117  100622
1 3 69  1 1117  100619
1 4 69  1 1117  100622
1 5 69  1 1117  100619
1 6 69  1 1117  100622
1 7 69  1 1117  100619
1 8 69  1 1117  100622
1 9 69  1 1117  100619
1 10  69  1 1117  100622
1 11  69  1 1117  100619
1 12  69  1 1117  100622
1 13  69  1 1117  100615
1 14  69  1 1117  100615
1 15  69  1 1117  100615
1 15  69  2 1117  100615
1 16  69  1 1117  100615
1 16  69  2 1117  100615
1 1 70  1 1117  101521
1 2 70  1 1117  100870
1 3 70  1 1117  101521
1 4 70  1 1117  100870
1 5 70  1 1117  101521
1 6 70  1 1117  100870
1 7 70  1 1117  101521
1 8 70  1 1117  100870
1 9 70  1 1117  101521
1 10  70  1 1117  100870
1 11  70  1 1117  101521
1 12  70  1 1117  100870
1 13  70  1 1117  100871
1 14  70  1 1117  100871
1 15  70  1 1117  100871
1 15  70  2 1117  100871
1 16  70  1 1117  100871
1 16  70  2 1117  100871
1 1 71  1 1117  100080
1 2 71  1 1117  100070
1 3 71  1 1117  100080
1 4 71  1 1117  100070
1 5 71  1 1117  100080
1 6 71  1 1117  100070
1 7 71  1 1117  100080
1 8 71  1 1117  100070
1 9 71  1 1117  100080
1 10  71  1 1117  100070
1 11  71  1 1117  100080
1 12  71  1 1117  100070
1 13  71  1 1117  100071
1 14  71  1 1117  100071
1 15  71  1 1117  100071
1 15  71  2 1117  100071
1 16  71  1 1117  100071
1 16  71  2 1117  100071
1 1 72  1 1117  100146
1 2 72  1 1117  100143
1 3 72  1 1117  100146
1 4 72  1 1117  100143
1 5 72  1 1117  100146
1 6 72  1 1117  100143
1 7 72  1 1117  100146
1 8 72  1 1117  100143
1 9 72  1 1117  100146
1 10  72  1 1117  100143
1 11  72  1 1117  100146
1 12  72  1 1117  100143
1 13  72  1 1117  100141
1 14  72  1 1117  100141
1 15  72  1 1117  100141
1 15  72  2 1117  100141
1 16  72  1 1117  100141
1 16  72  2 1117  100141
